0 975 25 25 0 
25 975 25 25 0 
50 975 25 25 0 
-25 975 25 25 0 
-50 975 25 25 0 
-75 975 25 25 0 
-75 950 25 25 0 
-100 950 25 25 0 
-125 950 25 25 0 
-150 950 25 25 0 
-150 925 25 25 0 
-175 925 25 25 0 
-175 900 25 25 0 
-200 900 25 25 0 
-225 900 25 25 0 
-250 900 25 25 0 
-250 875 25 25 0 
-275 875 25 25 0 
-300 875 25 25 0 
-325 875 25 25 0 
-375 875 25 25 0 
-400 875 25 25 0 
-425 875 25 25 0 
-450 875 25 25 0 
-475 875 25 25 0 
-500 875 25 25 0 
-525 875 25 25 0 
-550 875 25 25 0 
-575 875 25 25 0 
-600 875 25 25 0 
-600 850 25 25 0 
-625 850 25 25 0 
-650 850 25 25 0 
-675 850 25 25 0 
-700 850 25 25 0 
-725 850 25 25 0 
-750 850 25 25 0 
-775 850 25 25 0 
-800 850 25 25 0 
-825 850 25 25 0 
-825 875 25 25 0 
-850 875 25 25 0 
-850 900 25 25 0 
-875 900 25 25 0 
-900 900 25 25 0 
-900 925 25 25 0 
-925 925 25 25 0 
-950 925 25 25 0 
-975 925 25 25 0 
-975 950 25 25 0 
-1000 950 25 25 0 
-1025 950 25 25 0 
-1025 975 25 25 0 
-1050 975 25 25 0 
-1075 975 25 25 0 
-1100 975 25 25 0 
-1100 1000 25 25 0 
-1125 1000 25 25 0 
-1150 1000 25 25 0 
-1150 1025 25 25 0 
-1175 1025 25 25 0 
-1175 1050 25 25 0 
-1200 1050 25 25 0 
-1200 1075 25 25 0 
-1225 1075 25 25 0 
-1250 1100 25 25 0 
-1275 1100 25 25 0 
-1225 1100 25 25 0 
-1300 1100 25 25 0 
-1325 1100 25 25 0 
-1375 1100 25 25 0 
-1400 1100 25 25 0 
-1425 1100 25 25 0 
-1450 1100 25 25 0 
-1475 1100 25 25 0 
-1475 1075 25 25 0 
-1500 1075 25 25 0 
-1500 1050 25 25 0 
-1525 1050 25 25 0 
-1525 1025 25 25 0 
-1525 1000 25 25 0 
-1525 975 25 25 0 
-1525 950 25 25 0 
-1525 925 25 25 0 
-1525 900 25 25 0 
-1525 875 25 25 0 
-1525 850 25 25 0 
-1525 825 25 25 0 
-1500 825 25 25 0 
-1500 800 25 25 0 
-1475 800 25 25 0 
-1450 800 25 25 0 
575 1125 25 25 0 
600 1125 25 25 0 
625 1125 25 25 0 
625 1150 25 25 0 
650 1150 25 25 0 
675 1150 25 25 0 
700 1150 25 25 0 
700 1175 25 25 0 
725 1175 25 25 0 
750 1175 25 25 0 
775 1175 25 25 0 
800 1175 25 25 0 
825 1175 25 25 0 
825 1150 25 25 0 
850 1150 25 25 0 
875 1150 25 25 0 
875 1125 25 25 0 
900 1125 25 25 0 
925 1125 25 25 0 
925 1100 25 25 0 
950 1100 25 25 0 
950 1075 25 25 0 
975 1075 25 25 0 
975 1050 25 25 0 
1000 1050 25 25 0 
1025 1050 25 25 0 
1050 1050 25 25 0 
1075 1025 25 25 0 
1075 1050 25 25 0 
1100 1025 25 25 0 
1125 1025 25 25 0 
1125 1000 25 25 0 
1150 1000 25 25 0 
1150 975 25 25 0 
1150 950 25 25 0 
1150 925 25 25 0 
1150 900 25 25 0 
1150 875 25 25 0 
1150 850 25 25 0 
1125 850 25 25 0 
1100 850 25 25 0 
1100 825 25 25 0 
-350 875 25 25 0 
550 1125 25 25 0 
550 1100 25 25 0 
525 1100 25 25 0 
500 1100 25 25 0 
500 1075 25 25 0 
475 1075 25 25 0 
450 1075 25 25 0 
425 1075 25 25 0 
400 1075 25 25 0 
400 1050 25 25 0 
375 1050 25 25 0 
350 1050 25 25 0 
350 1025 25 25 0 
325 1025 25 25 0 
300 1025 25 25 0 
25 1000 25 25 6 
275 1050 25 25 6 
300 1050 25 25 6 
325 1050 25 25 6 
350 1075 25 25 6 
375 1075 25 25 6 
375 1100 25 25 6 
400 1100 25 25 6 
425 1100 25 25 6 
450 1100 25 25 6 
475 1100 25 25 6 
500 1125 25 25 6 
525 1125 25 25 6 
525 1150 25 25 6 
550 1150 25 25 6 
575 1150 25 25 6 
600 1150 25 25 6 
600 1175 25 25 6 
625 1175 25 25 6 
650 1175 25 25 6 
675 1175 25 25 6 
675 1200 25 25 6 
700 1200 25 25 6 
725 1200 25 25 6 
750 1200 25 25 6 
775 1200 25 25 6 
800 1200 25 25 6 
825 1200 25 25 6 
850 1200 25 25 6 
850 1175 25 25 6 
875 1175 25 25 6 
900 1175 25 25 6 
925 1175 25 25 6 
950 1150 25 25 6 
925 1150 25 25 6 
900 1150 25 25 6 
950 1125 25 25 6 
975 1125 25 25 6 
975 1100 25 25 6 
1000 1100 25 25 6 
1000 1075 25 25 6 
1025 1075 25 25 6 
1050 1075 25 25 6 
1075 1075 25 25 6 
1100 1050 25 25 6 
1125 1050 25 25 6 
1150 1050 25 25 6 
1150 1025 25 25 6 
1100 1075 25 25 6 
1025 1100 25 25 6 
1175 1025 25 25 6 
1175 1000 25 25 6 
1175 975 25 25 6 
1175 950 25 25 6 
1175 925 25 25 6 
1175 900 25 25 6 
1175 875 25 25 6 
1175 850 25 25 6 
1175 825 25 25 6 
1150 825 25 25 6 
1125 825 25 25 6 
1125 800 25 25 6 
1150 800 25 25 6 
1200 850 25 25 6 
1200 875 25 25 6 
1200 900 25 25 6 
1200 925 25 25 6 
1200 950 25 25 6 
1200 975 25 25 6 
1200 1000 25 25 6 
1200 1025 25 25 6 
1200 1050 25 25 6 
1200 1075 25 25 6 
1200 1100 25 25 6 
1200 1125 25 25 6 
1200 1150 25 25 6 
1200 1175 25 25 6 
1225 1175 25 25 6 
1225 1150 25 25 6 
1250 1100 25 25 6 
1250 1075 25 25 6 
1250 1050 25 25 6 
1250 1025 25 25 6 
1250 1000 25 25 6 
1225 1000 25 25 6 
1225 975 25 25 6 
1225 950 25 25 6 
1225 925 25 25 6 
1225 1050 25 25 6 
1225 1075 25 25 6 
1225 1100 25 25 6 
1225 1125 25 25 6 
1225 1025 25 25 6 
1175 1175 25 25 6 
1150 1175 25 25 6 
1125 1175 25 25 6 
1100 1175 25 25 6 
1075 1175 25 25 6 
1050 1175 25 25 6 
1025 1200 25 25 6 
1000 1200 25 25 6 
975 1200 25 25 6 
950 1200 25 25 6 
925 1200 25 25 6 
900 1200 25 25 6 
875 1200 25 25 6 
1050 1200 25 25 6 
1075 1200 25 25 6 
1025 1175 25 25 6 
1000 1175 25 25 6 
975 1175 25 25 6 
975 1150 25 25 6 
950 1175 25 25 6 
1000 1150 25 25 6 
1025 1150 25 25 6 
1050 1150 25 25 6 
1075 1150 25 25 6 
1100 1150 25 25 6 
1125 1150 25 25 6 
1150 1150 25 25 6 
1175 1150 25 25 6 
1175 1125 25 25 6 
1150 1125 25 25 6 
1125 1125 25 25 6 
1100 1125 25 25 6 
1075 1125 25 25 6 
1050 1125 25 25 6 
1025 1125 25 25 6 
1000 1125 25 25 6 
1050 1100 25 25 6 
1075 1100 25 25 6 
1100 1100 25 25 6 
1125 1100 25 25 6 
1150 1100 25 25 6 
1175 1075 25 25 6 
1175 1050 25 25 6 
1175 1100 25 25 6 
1150 1075 25 25 6 
1125 1075 25 25 6 
850 1250 25 25 6 
825 1250 25 25 6 
800 1250 25 25 6 
775 1250 25 25 6 
750 1250 25 25 6 
750 1275 25 25 6 
725 1275 25 25 6 
700 1275 25 25 6 
700 1250 25 25 6 
675 1250 25 25 6 
675 1225 25 25 6 
650 1225 25 25 6 
625 1225 25 25 6 
600 1225 25 25 6 
700 1225 25 25 6 
750 1225 25 25 6 
775 1225 25 25 6 
800 1225 25 25 6 
825 1225 25 25 6 
850 1225 25 25 6 
900 1225 25 25 6 
875 1225 25 25 6 
725 1225 25 25 6 
725 1250 25 25 6 
875 1250 25 25 6 
925 1225 25 25 6 
950 1225 25 25 6 
975 1225 25 25 6 
650 1200 25 25 6 
625 1200 25 25 6 
600 1200 25 25 6 
575 1175 25 25 6 
550 1175 25 25 6 
525 1175 25 25 6 
500 1150 25 25 6 
500 1175 25 25 6 
550 1200 25 25 6 
575 1200 25 25 6 
450 1150 25 25 6 
425 1125 25 25 6 
400 1125 25 25 6 
375 1125 25 25 6 
350 1125 25 25 6 
450 1125 25 25 6 
475 1125 25 25 6 
475 1150 25 25 6 
400 1150 25 25 6 
425 1150 25 25 6 
375 1150 25 25 6 
350 1100 25 25 6 
325 1100 25 25 6 
325 1075 25 25 6 
300 1075 25 25 6 
275 1075 25 25 6 
250 1050 25 25 6 
225 1050 25 25 6 
200 1050 25 25 6 
50 1025 25 25 6 
250 1075 25 25 6 
225 1075 25 25 6 
150 1050 25 25 6 
125 1075 25 25 6 
100 1075 25 25 6 
75 1075 25 25 6 
50 1075 25 25 6 
50 1050 25 25 6 
25 1050 25 25 6 
25 1025 25 25 6 
0 1025 25 25 6 
100 1050 25 25 6 
125 1050 25 25 6 
175 1075 25 25 6 
150 1075 25 25 6 
75 1050 25 25 6 
-25 1025 25 25 6 
-50 1025 25 25 6 
-75 1025 25 25 6 
0 1050 25 25 6 
-25 1000 25 25 6 
-50 1000 25 25 6 
-75 1000 25 25 6 
-100 1000 25 25 6 
-125 1000 25 25 6 
-25 1050 25 25 6 
-100 1025 25 25 6 
-125 975 25 25 6 
-150 975 25 25 6 
-100 975 25 25 6 
-175 975 25 25 6 
-200 975 25 25 6 
-200 950 25 25 6 
-175 950 25 25 6 
-225 925 25 25 6 
-200 925 25 25 6 
-150 1000 25 25 6 
-225 950 25 25 6 
-250 950 25 25 6 
-275 950 25 25 6 
-275 925 25 25 6 
-300 925 25 25 6 
-325 925 25 25 6 
-350 925 25 25 6 
-375 925 25 25 6 
-400 925 25 25 6 
-425 925 25 25 6 
-250 925 25 25 6 
-275 900 25 25 6 
-300 900 25 25 6 
-325 900 25 25 6 
-350 900 25 25 6 
-375 900 25 25 6 
-400 900 25 25 6 
-450 925 25 25 6 
-475 925 25 25 6 
-500 925 25 25 6 
-525 925 25 25 6 
-550 925 25 25 6 
-575 925 25 25 6 
-350 950 25 25 6 
-375 950 25 25 6 
-400 950 25 25 6 
-425 950 25 25 6 
-450 950 25 25 6 
-475 950 25 25 6 
-475 975 25 25 6 
-500 975 25 25 6 
-525 975 25 25 6 
-550 975 25 25 6 
-550 950 25 25 6 
-575 950 25 25 6 
-600 950 25 25 6 
-525 950 25 25 6 
-500 950 25 25 6 
-425 900 25 25 6 
-450 900 25 25 6 
-475 900 25 25 6 
-500 900 25 25 6 
-525 900 25 25 6 
-550 900 25 25 6 
-575 900 25 25 6 
-600 900 25 25 6 
-625 900 25 25 6 
-625 925 25 25 6 
-600 925 25 25 6 
-325 950 25 25 6 
-300 950 25 25 6 
-450 975 25 25 6 
-425 975 25 25 6 
-400 975 25 25 6 
-375 975 25 25 6 
-350 975 25 25 6 
-500 1000 25 25 6 
-475 1000 25 25 6 
-450 1000 25 25 6 
-425 1000 25 25 6 
-400 1000 25 25 6 
-625 950 25 25 6 
-650 950 25 25 6 
-675 950 25 25 6 
-700 950 25 25 6 
-725 950 25 25 6 
-750 950 25 25 6 
-750 975 25 25 6 
-775 975 25 25 6 
-800 975 25 25 6 
-825 975 25 25 6 
-850 975 25 25 6 
-875 975 25 25 6 
-900 975 25 25 6 
-925 975 25 25 6 
-950 975 25 25 6 
-975 975 25 25 6 
-950 950 25 25 6 
-925 950 25 25 6 
-900 950 25 25 6 
-875 950 25 25 6 
-850 950 25 25 6 
-825 950 25 25 6 
-800 950 25 25 6 
-775 950 25 25 6 
-750 925 25 25 6 
-725 925 25 25 6 
-700 925 25 25 6 
-675 925 25 25 6 
-675 900 25 25 6 
-650 900 25 25 6 
-775 925 25 25 6 
-800 925 25 25 6 
-850 925 25 25 6 
-875 925 25 25 6 
-825 925 25 25 6 
-650 925 25 25 6 
-625 875 25 25 6 
-650 875 25 25 6 
-675 875 25 25 6 
-700 875 25 25 6 
-725 875 25 25 6 
-750 875 25 25 6 
-775 875 25 25 6 
-800 875 25 25 6 
-775 900 25 25 6 
-750 900 25 25 6 
-800 900 25 25 6 
-725 900 25 25 6 
-700 900 25 25 6 
-825 900 25 25 6 
-900 1000 25 25 6 
-925 1000 25 25 6 
-950 1025 25 25 6 
-975 1025 25 25 6 
-1000 1025 25 25 6 
-1025 1025 25 25 6 
-1025 1050 25 25 6 
-1050 1050 25 25 6 
-1075 1050 25 25 6 
-1075 1075 25 25 6 
-1100 1075 25 25 6 
-1100 1100 25 25 6 
-1125 1100 25 25 6 
-1150 1125 25 25 6 
-1175 1125 25 25 6 
-1175 1150 25 25 6 
-1200 1150 25 25 6 
-1225 1150 25 25 6 
-1250 1150 25 25 6 
-1275 1150 25 25 6 
-1300 1150 25 25 6 
-1325 1150 25 25 6 
-1325 1125 25 25 6 
-1300 1125 25 25 6 
-1275 1125 25 25 6 
-1250 1125 25 25 6 
-1225 1125 25 25 6 
-1200 1125 25 25 6 
-1200 1100 25 25 6 
-1175 1100 25 25 6 
-1175 1075 25 25 6 
-1150 1075 25 25 6 
-1150 1100 25 25 6 
-1125 1075 25 25 6 
-1125 1050 25 25 6 
-1100 1050 25 25 6 
-1075 1025 25 25 6 
-1050 1025 25 25 6 
-1125 1025 25 25 6 
-1100 1025 25 25 6 
-1050 1000 25 25 6 
-1000 975 25 25 6 
-975 1000 25 25 6 
-1000 1000 25 25 6 
-950 1000 25 25 6 
-1025 1000 25 25 6 
-1075 1000 25 25 6 
-1150 1050 25 25 6 
-1375 1150 25 25 6 
-1400 1150 25 25 6 
-1425 1150 25 25 6 
-1450 1150 25 25 6 
-1375 1125 25 25 6 
-1400 1125 25 25 6 
-1425 1125 25 25 6 
-1450 1125 25 25 6 
-1475 1125 25 25 6 
-1475 750 25 25 6 
-1425 775 25 25 6 
-1525 750 25 25 6 
-1525 775 25 25 6 
-1550 775 25 25 6 
-1550 800 25 25 6 
-1500 750 25 25 6 
-1500 775 25 25 6 
-1550 825 25 25 6 
-1550 850 25 25 6 
-1525 800 25 25 6 
-1500 1150 25 25 6 
-1475 1150 25 25 6 
-1500 1100 25 25 6 
-1500 1125 25 25 6 
-1525 1125 25 25 6 
-1550 1125 25 25 6 
-1550 1100 25 25 6 
-1525 1100 25 25 6 
-1525 1075 25 25 6 
-1550 1075 25 25 6 
-1575 1075 25 25 6 
-1600 1075 25 25 6 
-1625 1075 25 25 6 
-1600 1100 25 25 6 
-1575 1100 25 25 6 
-1625 825 25 25 6 
-1625 850 25 25 6 
-1625 875 25 25 6 
-1625 900 25 25 6 
-1625 925 25 25 6 
-1625 950 25 25 6 
-1625 975 25 25 6 
-1625 1000 25 25 6 
-1625 1025 25 25 6 
-1625 1050 25 25 6 
-1600 1050 25 25 6 
-1575 1050 25 25 6 
-1550 1050 25 25 6 
-1550 1025 25 25 6 
-1550 1000 25 25 6 
-1550 925 25 25 6 
-1550 900 25 25 6 
-1550 875 25 25 6 
-1550 950 25 25 6 
-1550 975 25 25 6 
-1575 1000 25 25 6 
-1575 1025 25 25 6 
-1600 1025 25 25 6 
-1600 1000 25 25 6 
-1600 975 25 25 6 
-1600 950 25 25 6 
-1600 925 25 25 6 
-1600 900 25 25 6 
-1600 875 25 25 6 
-1600 850 25 25 6 
-1600 825 25 25 6 
-1600 800 25 25 6 
-1575 775 25 25 6 
-1575 800 25 25 6 
-1575 825 25 25 6 
-1575 850 25 25 6 
-1575 875 25 25 6 
-1575 900 25 25 6 
-1575 925 25 25 6 
-1575 950 25 25 6 
-1575 975 25 25 6 
-1650 1050 25 25 6 
-1650 1025 25 25 6 
-1650 1000 25 25 6 
-1650 850 25 25 6 
-1650 875 25 25 6 
-1650 900 25 25 6 
-1650 925 25 25 6 
-1650 950 25 25 6 
-1650 975 25 25 6 
-1425 800 25 25 0 
-1400 800 25 25 0 
-1400 825 25 25 0 
-1375 825 25 25 0 
200 1075 25 25 6 
-1650 825 25 25 6 
-1625 800 25 25 6 
-1600 775 25 25 6 
-1450 750 25 25 6 
-1425 750 25 25 6 
-1400 775 25 25 6 
-1375 775 25 25 6 
-1375 800 25 25 6 
-1350 800 25 25 6 
-1350 825 25 25 6 
-1450 775 25 25 6 
-1475 775 25 25 6 
-1375 750 25 25 6 
-1400 750 25 25 6 
-1425 725 25 25 6 
-1450 725 25 25 6 
-1475 725 25 25 6 
-1500 725 25 25 6 
-1525 725 25 25 6 
-1550 750 25 25 6 
-1350 1125 25 25 6 
-1350 1150 25 25 6 
-1350 1100 25 25 0 
250 1025 25 25 0 
225 1025 25 25 0 
275 1025 25 25 0 
200 1025 25 25 0 
125 1025 25 25 0 
150 1025 25 25 0 
175 1025 25 25 0 
200 875 25 25 0 
225 875 25 25 0 
75 1000 25 25 0 
100 1025 25 25 0 
100 1000 25 25 0 
75 1025 25 25 6 
175 1050 25 25 6 
250 875 25 25 0 
250 850 25 25 0 
275 850 25 25 0 
300 850 25 25 0 
300 825 25 25 0 
325 825 25 25 0 
325 800 25 25 0 
350 800 25 25 0 
350 775 25 25 0 
375 775 25 25 0 
375 750 25 25 0 
400 750 25 25 0 
425 750 25 25 0 
425 725 25 25 0 
450 725 25 25 0 
475 725 25 25 0 
500 725 25 25 0 
525 725 25 25 0 
550 725 25 25 0 
575 725 25 25 0 
575 750 25 25 0 
600 750 25 25 0 
625 750 25 25 0 
625 775 25 25 0 
650 775 25 25 0 
650 800 25 25 0 
675 800 25 25 0 
675 825 25 25 0 
700 825 25 25 0 
1775 -2550 25 25 0 
1775 -2575 25 25 0 
1775 -2600 25 25 0 
1775 -2625 25 25 0 
1775 -2650 25 25 0 
1775 -2675 25 25 0 
1775 -2700 25 25 0 
1775 -2725 25 25 0 
1775 -2750 25 25 0 
1775 -2775 25 25 0 
1775 -2800 25 25 0 
1775 -2825 25 25 0 
1775 -2850 25 25 0 
1775 -2875 25 25 0 
1775 -2900 25 25 0 
1775 -2925 25 25 0 
1775 -2950 25 25 0 
1775 -2975 25 25 0 
1775 -3000 25 25 0 
1775 -3025 25 25 0 
1775 -3050 25 25 0 
1775 -3075 25 25 0 
1775 -3100 25 25 0 
1775 -3125 25 25 0 
1775 -3150 25 25 0 
1775 -3175 25 25 0 
1775 -3200 25 25 0 
1775 -3225 25 25 0 
1775 -3250 25 25 0 
1775 -3275 25 25 0 
1775 -3300 25 25 0 
1775 -3325 25 25 0 
1775 -3350 25 25 0 
1775 -3375 25 25 0 
1775 -3400 25 25 0 
1775 -3425 25 25 0 
1775 -3450 25 25 0 
1775 -3475 25 25 0 
1775 -3500 25 25 0 
1775 -3525 25 25 0 
1775 -3550 25 25 0 
1775 -3575 25 25 0 
1775 -3775 25 25 0 
1775 -3800 25 25 0 
1775 -3875 25 25 0 
1775 -3900 25 25 0 
1775 -3925 25 25 0 
1775 -3950 25 25 0 
1775 -3975 25 25 0 
1775 -4000 25 25 0 
1775 -4025 25 25 0 
1775 -4050 25 25 0 
1775 -4075 25 25 0 
1775 -4100 25 25 0 
1775 -4125 25 25 0 
1775 -4150 25 25 0 
1775 -4175 25 25 0 
1775 -4200 25 25 0 
1775 -4225 25 25 0 
1775 -4250 25 25 0 
1775 -4275 25 25 0 
1775 -4300 25 25 0 
1775 -4325 25 25 0 
1775 -4350 25 25 0 
1775 -4375 25 25 0 
1775 -4400 25 25 0 
1775 -4425 25 25 0 
1775 -4450 25 25 0 
1775 -4475 25 25 0 
1775 -4500 25 25 0 
1600 -4825 25 25 0 
1600 -4850 25 25 0 
1600 -4875 25 25 0 
1600 -4900 25 25 0 
1600 -4925 25 25 0 
1600 -4975 25 25 0 
700 850 25 25 0 
725 850 25 25 0 
1100 800 25 25 0 
1100 775 25 25 0 
1075 775 25 25 0 
1075 750 25 25 0 
1075 725 25 25 0 
1050 725 25 25 0 
1050 700 25 25 0 
1050 675 25 25 0 
1050 650 25 25 0 
1025 650 25 25 0 
1025 625 25 25 0 
1025 600 25 25 0 
1000 600 25 25 0 
1000 575 25 25 0 
975 575 25 25 0 
950 575 25 25 0 
1125 775 25 25 6 
1125 750 25 25 6 
1100 750 25 25 6 
1100 725 25 25 6 
1100 700 25 25 6 
1100 675 25 25 6 
1100 650 25 25 6 
1075 650 25 25 6 
1075 625 25 25 6 
1075 675 25 25 6 
1075 700 25 25 6 
1050 625 25 25 6 
1050 600 25 25 6 
1050 575 25 25 6 
1025 550 25 25 6 
1000 550 25 25 6 
1000 525 25 25 6 
975 525 25 25 6 
950 525 25 25 6 
950 550 25 25 6 
975 550 25 25 6 
1025 575 25 25 6 
1125 700 25 25 6 
1125 725 25 25 6 
1050 550 25 25 6 
1075 575 25 25 6 
1075 600 25 25 6 
1100 625 25 25 6 
1125 650 25 25 6 
1125 675 25 25 6 
1150 700 25 25 6 
925 550 25 25 6 
925 575 25 25 6 
900 575 25 25 6 
925 600 25 25 6 
950 600 25 25 6 
975 600 25 25 6 
1150 725 25 25 6 
1150 750 25 25 6 
1150 775 25 25 6 
1175 800 25 25 6 
1200 800 25 25 6 
1175 775 25 25 6 
1175 750 25 25 6 
1200 750 25 25 6 
1200 775 25 25 6 
1225 825 25 25 6 
1225 850 25 25 6 
1225 875 25 25 6 
1200 825 25 25 6 
1225 900 25 25 6 
1250 925 25 25 6 
1250 950 25 25 6 
1250 975 25 25 6 
1125 1200 25 25 6 
1150 1200 25 25 6 
1175 1200 25 25 6 
1200 1200 25 25 6 
1225 1200 25 25 6 
375 800 25 25 6 
425 775 25 25 6 
450 750 25 25 6 
475 750 25 25 6 
500 750 25 25 6 
400 775 25 25 6 
525 750 25 25 6 
550 750 25 25 6 
575 775 25 25 6 
600 775 25 25 6 
600 800 25 25 6 
625 800 25 25 6 
600 825 25 25 6 
625 825 25 25 6 
650 825 25 25 6 
675 850 25 25 6 
650 850 25 25 6 
675 875 25 25 6 
700 875 25 25 6 
725 875 25 25 6 
0 1000 25 25 6 
50 1000 25 25 6 
-1350 775 25 25 6 
-1350 750 25 25 6 
-1400 725 25 25 6 
-1375 725 25 25 6 