10 1000 10 1000 0 
20 1000 10 1000 0 
30 1000 10 1000 0 
40 1000 10 1000 0 
60 1000 10 1000 0 
-25 1000 25 25 6 
-50 1000 25 25 6 
-75 1000 25 25 6 
-100 1000 25 25 6 
-125 1000 25 25 6 
-150 1000 25 25 6 
-150 975 25 25 6 
-175 975 25 25 6 
-200 975 25 25 6 
-200 950 25 25 6 
-225 950 25 25 6 
-225 925 25 25 6 
-225 900 25 25 6 
-250 900 25 25 6 
-250 875 25 25 6 
-250 850 25 25 6 
-250 825 25 25 6 
-250 800 25 25 6 
-250 775 25 25 6 
-250 750 25 25 6 
75 1000 25 25 6 
100 1000 25 25 6 
50 1000 25 25 6 
25 1000 25 25 6 
0 1000 25 25 6 
125 1000 25 25 6 
150 1000 25 25 6 
175 975 25 25 6 
200 975 25 25 6 
225 975 25 25 6 
250 975 25 25 6 
275 975 25 25 6 
300 975 25 25 6 
325 975 25 25 6 
350 975 25 25 6 
375 975 25 25 6 
400 975 25 25 6 
400 1000 25 25 6 
400 1025 25 25 6 
400 1050 25 25 6 
425 1050 25 25 6 
425 1075 25 25 6 
425 1100 25 25 6 
450 1100 25 25 6 
450 1125 25 25 6 
475 1125 25 25 6 
500 1125 25 25 6 
525 1125 25 25 6 
525 1100 25 25 6 
550 1100 25 25 6 
550 1075 25 25 6 
550 1050 25 25 6 
550 1025 25 25 6 
575 1025 25 25 6 
575 1000 25 25 6 
575 975 25 25 6 
600 975 25 25 6 
1050 2450 25 25 6 
1050 2375 25 25 6 
1050 2350 25 25 6 
1050 2325 25 25 6 
1050 2300 25 25 6 
1050 2275 25 25 6 
1050 2200 25 25 6 
1050 2175 25 25 6 
1050 2150 25 25 6 
1050 2125 25 25 6 
1050 2100 25 25 6 
1050 2075 25 25 6 
1050 2050 25 25 6 
1050 2025 25 25 6 
1050 2000 25 25 6 
1050 1975 25 25 6 
1050 1950 25 25 6 
1050 1925 25 25 6 
1050 1725 25 25 6 
1050 1700 25 25 6 
1050 1650 25 25 6 
1050 1625 25 25 6 
1050 1600 25 25 6 
1050 1575 25 25 6 
1050 1550 25 25 6 
1050 1525 25 25 6 
1050 1500 25 25 6 
1050 1475 25 25 6 
1050 1450 25 25 6 
1050 1425 25 25 6 
1050 1400 25 25 6 
1050 1375 25 25 6 
1050 1350 25 25 6 
1050 1325 25 25 6 
1050 1300 25 25 6 
1050 1275 25 25 6 
1050 1250 25 25 6 
1050 1225 25 25 6 
925 1000 25 25 6 
625 975 25 25 6 
650 975 25 25 6 
675 975 25 25 6 
700 975 25 25 6 
725 975 25 25 6 
750 975 25 25 6 
750 1000 25 25 6 
775 1000 25 25 6 
800 1000 25 25 6 
825 1000 25 25 6 
950 1000 25 25 6 
975 1000 25 25 6 
1000 1000 25 25 6 
1025 1000 25 25 6 
1050 1000 25 25 6 
1075 1000 25 25 6 
1100 1000 25 25 6 
1125 1000 25 25 6 
1250 1000 25 25 6 
1275 1000 25 25 6 
1300 1000 25 25 6 
1325 1000 25 25 6 
1350 1000 25 25 6 
1375 1000 25 25 6 
1400 975 25 25 6 
1425 975 25 25 6 
1425 950 25 25 6 
1450 950 25 25 6 
1450 925 25 25 6 
1475 925 25 25 6 
1475 900 25 25 6 
1500 900 25 25 6 
1500 875 25 25 6 
1525 875 25 25 6 
1550 875 25 25 6 
1575 875 25 25 6 
1600 875 25 25 6 
1625 725 25 25 6 
1650 725 25 25 6 
1650 750 25 25 6 
1650 775 25 25 6 
1650 800 25 25 6 
1650 825 25 25 6 
1650 850 25 25 6 
1650 875 25 25 6 
1625 875 25 25 6 
1625 750 25 25 2 
1625 775 25 25 2 
1625 800 25 25 2 
1625 825 25 25 2 
1625 850 25 25 2 
850 1000 25 25 6 
875 1000 25 25 6 
900 1000 25 25 6 
850 1025 25 25 4 
875 1025 25 25 4 
900 1025 25 25 4 
1150 1025 25 25 3 
1175 1025 25 25 3 
1200 1025 25 25 3 
1225 1025 25 25 3 
1150 1000 25 25 6 
1175 1000 25 25 6 
1200 1000 25 25 6 
1225 1000 25 25 6 
-250 675 25 25 6 
-250 700 25 25 6 
-250 725 25 25 6 
1650 625 25 25 6 
1625 625 25 25 6 
1625 650 25 25 6 
1625 675 25 25 6 
1625 700 25 25 6 
1650 675 25 25 6 
1650 700 25 25 6 
1650 650 25 25 6 
1600 625 25 25 6 
1575 625 25 25 6 
1575 650 25 25 6 
1600 650 25 25 6 
1600 675 25 25 6 
1575 675 25 25 6 
1600 700 25 25 6 