0 1000 10 1000 0 
10 1000 10 1000 0 
20 1000 10 1000 0 
30 1000 10 1000 0 
40 1000 10 1000 0 
50 1000 10 1000 0 
60 1000 10 1000 0 
75 1000 25 25 0 
100 1000 25 25 0 
150 1000 25 25 0 
125 1000 25 25 0 
175 1000 25 25 0 
200 1000 25 25 0 
225 1000 25 25 0 
275 1000 25 25 0 
300 975 25 25 0 
300 950 25 25 0 
325 925 25 25 0 
350 925 25 25 0 
350 900 25 25 0 
250 1000 25 25 0 
300 1000 25 25 6 
75 1025 25 25 6 
100 1025 25 25 6 
175 1050 25 25 6 
200 1050 25 25 6 
225 1050 25 25 6 
250 1025 25 25 6 
225 1025 25 25 6 
200 1025 25 25 6 
175 1025 25 25 6 
150 1025 25 25 6 
125 1025 25 25 6 
150 1050 25 25 6 
125 1075 25 25 6 
100 1050 25 25 6 
75 1050 25 25 6 
75 1075 25 25 6 
100 1100 25 25 6 
125 1100 25 25 6 
150 1100 25 25 6 
100 1075 25 25 6 
125 1050 25 25 6 
100 1125 25 25 6 
75 1125 25 25 6 
75 1100 25 25 6 
175 1075 25 25 6 
150 1125 25 25 6 
175 1100 25 25 6 
150 1075 25 25 6 
200 1100 25 25 6 
200 1075 25 25 6 
225 1075 25 25 6 
225 1100 25 25 6 
225 1125 25 25 6 
125 1125 25 25 6 
175 1125 25 25 6 
200 1125 25 25 6 
250 1100 25 25 6 
275 1100 25 25 6 
325 1125 25 25 6 
350 1125 25 25 6 
375 1125 25 25 6 
400 1125 25 25 6 
400 1100 25 25 6 
375 1100 25 25 6 
350 1100 25 25 6 
400 1075 25 25 6 
350 1075 25 25 6 
300 1050 25 25 6 
275 1075 25 25 6 
375 1075 25 25 6 
250 1125 25 25 6 
275 1125 25 25 6 
300 1125 25 25 6 
300 1100 25 25 6 
325 1100 25 25 6 
325 1075 25 25 6 
300 1075 25 25 6 
350 1050 25 25 6 
275 1050 25 25 6 
250 1050 25 25 6 
250 1075 25 25 6 
375 1050 25 25 6 
275 1025 25 25 6 
300 1025 25 25 6 
375 1025 25 25 6 
400 1025 25 25 6 
425 1025 25 25 6 
350 1025 25 25 6 
325 1025 25 25 6 
325 1050 25 25 6 
400 1050 25 25 6 
425 1050 25 25 6 
425 1125 25 25 6 
425 1100 25 25 6 
425 1075 25 25 6 
375 900 25 25 0 
400 825 25 25 0 
450 800 25 25 0 
475 800 25 25 0 
500 800 25 25 0 
425 800 25 25 0 
400 850 25 25 0 
400 875 25 25 0 
375 875 25 25 0 
450 775 25 25 0 
475 750 25 25 0 
500 725 25 25 0 
525 725 25 25 0 
550 700 25 25 0 
550 725 25 25 0 
550 750 25 25 0 
550 775 25 25 0 
550 800 25 25 0 
550 825 25 25 0 
550 850 25 25 0 
550 900 25 25 0 
575 950 25 25 0 
575 975 25 25 0 
575 1000 25 25 0 
575 700 25 25 0 
600 725 25 25 0 
625 725 25 25 0 
650 750 25 25 0 
675 750 25 25 0 
675 775 25 25 0 
675 800 25 25 0 
700 825 25 25 0 
700 850 25 25 0 
700 875 25 25 0 
725 900 25 25 0 
775 975 25 25 0 
775 1000 25 25 0 
800 1025 25 25 0 
800 1050 25 25 0 
800 1075 25 25 0 
725 925 25 25 0 
750 950 25 25 0 
600 775 25 25 0 
625 800 25 25 0 
650 950 25 25 0 
650 975 25 25 0 
600 875 25 25 0 
575 850 25 25 0 
600 900 25 25 0 
625 925 25 25 0 
575 775 25 25 0 
600 950 25 25 0 
650 1075 25 25 0 
675 1075 25 25 0 
625 1050 25 25 0 
625 1075 25 25 0 
550 875 25 25 0 
575 925 25 25 0 
625 900 25 25 0 
625 1000 25 25 0 
600 800 25 25 0 
625 850 25 25 0 
600 925 25 25 0 
625 950 25 25 0 
625 975 25 25 0 
575 1050 25 25 0 
600 1025 25 25 0 
550 1000 25 25 0 
550 1075 25 25 0 
575 800 25 25 0 
525 1000 25 25 0 
525 1025 25 25 0 
550 1025 25 25 0 
525 950 25 25 0 
525 925 25 25 0 
550 925 25 25 0 
550 950 25 25 0 
550 975 25 25 0 
525 975 25 25 0 
525 850 25 25 0 
525 825 25 25 0 
525 800 25 25 0 
525 775 25 25 0 
525 750 25 25 0 
525 900 25 25 0 
525 875 25 25 0 
550 1050 25 25 0 
525 1050 25 25 0 
575 1075 25 25 0 
600 1050 25 25 0 
625 1025 25 25 0 
600 1000 25 25 0 
575 1025 25 25 0 
600 975 25 25 0 
575 875 25 25 0 
575 900 25 25 0 
575 825 25 25 0 
600 850 25 25 0 
600 825 25 25 0 
625 875 25 25 0 
625 825 25 25 0 
650 1000 25 25 0 
650 1025 25 25 0 
650 1050 25 25 0 
650 875 25 25 0 
650 825 25 25 0 
650 900 25 25 0 
675 975 25 25 0 
675 1025 25 25 0 
675 900 25 25 0 
675 850 25 25 0 
700 1075 25 25 0 
675 1050 25 25 0 
675 1000 25 25 0 
675 950 25 25 0 
675 875 25 25 0 
675 925 25 25 0 
700 1025 25 25 0 
700 1050 25 25 0 
650 925 25 25 0 
700 975 25 25 0 
700 1000 25 25 0 
700 900 25 25 0 
700 925 25 25 0 
725 975 25 25 0 
725 1000 25 25 0 
725 1025 25 25 0 
725 1050 25 25 0 
700 950 25 25 0 
725 1075 25 25 0 
750 1075 25 25 0 
775 1050 25 25 0 
750 1025 25 25 0 
750 1000 25 25 0 
750 1050 25 25 0 
775 1075 25 25 0 
775 1025 25 25 0 
725 950 25 25 0 
650 850 25 25 0 
675 825 25 25 0 
650 800 25 25 0 
625 775 25 25 0 
625 750 25 25 0 
650 775 25 25 0 
600 750 25 25 0 
575 725 25 25 0 
575 750 25 25 0 
525 1075 25 25 0 
775 950 25 25 0 
750 975 25 25 0 
600 1075 25 25 0 
425 850 25 25 0 
425 825 25 25 0 
425 900 25 25 0 
450 950 25 25 0 
450 1000 25 25 0 
450 1025 25 25 0 
450 1075 25 25 0 
475 1050 25 25 0 
475 1025 25 25 0 
450 975 25 25 0 
450 1050 25 25 0 
475 1075 25 25 0 
500 1000 25 25 0 
500 850 25 25 0 
500 1025 25 25 0 
500 875 25 25 0 
500 825 25 25 0 
500 900 25 25 0 
500 950 25 25 0 
500 975 25 25 0 
500 925 25 25 0 
500 1050 25 25 0 
500 1075 25 25 0 
475 1000 25 25 0 
475 950 25 25 0 
475 925 25 25 0 
475 900 25 25 0 
475 875 25 25 0 
475 850 25 25 0 
475 825 25 25 0 
475 975 25 25 0 
425 975 25 25 0 
400 975 25 25 0 
375 975 25 25 0 
350 975 25 25 0 
325 975 25 25 0 
325 1000 25 25 0 
350 1000 25 25 0 
375 1000 25 25 0 
400 1000 25 25 0 
425 1000 25 25 0 
450 925 25 25 0 
450 900 25 25 0 
450 875 25 25 0 
425 875 25 25 0 
425 925 25 25 0 
425 950 25 25 0 
400 950 25 25 0 
400 900 25 25 0 
375 950 25 25 0 
375 925 25 25 0 
400 925 25 25 0 
325 950 25 25 0 
350 950 25 25 0 
450 850 25 25 0 
450 825 25 25 0 
475 775 25 25 0 
500 750 25 25 0 
500 775 25 25 0 
1125 2150 25 25 1 
1125 2200 25 25 1 
1250 2200 25 25 1 
1275 2200 25 25 1 
1300 2200 25 25 1 
1325 2125 25 25 1 
1325 2100 25 25 1 
1325 2075 25 25 1 
1325 2050 25 25 1 
1325 2025 25 25 1 
1325 2000 25 25 1 
1325 1975 25 25 1 
1325 1950 25 25 1 
1325 1925 25 25 1 
1325 1900 25 25 1 
1325 1875 25 25 1 
1325 1850 25 25 1 
1325 1825 25 25 1 
1325 1800 25 25 1 
1325 1775 25 25 1 
1325 1750 25 25 1 
1325 1725 25 25 1 
1325 1700 25 25 1 
1325 1675 25 25 1 
1325 1650 25 25 1 
1325 1625 25 25 1 
1325 1600 25 25 1 
1325 1575 25 25 1 
1325 1550 25 25 1 
1325 1525 25 25 1 
1325 1500 25 25 1 
1325 1475 25 25 1 
1325 1450 25 25 1 
1325 1425 25 25 1 
1325 1400 25 25 1 
1325 1375 25 25 1 
1325 1350 25 25 1 
1325 1325 25 25 1 
1325 1300 25 25 1 
1325 1275 25 25 1 
1200 1275 25 25 1 
1300 1250 25 25 1 
1325 1250 25 25 1 
1325 1225 25 25 1 
1325 1200 25 25 1 
1150 725 25 25 1 
1150 700 25 25 1 
1125 700 25 25 1 
850 1050 25 25 6 
825 1050 25 25 6 
875 1050 25 25 6 
925 1050 25 25 6 
950 1050 25 25 6 
975 1050 25 25 6 
1000 1050 25 25 6 
1025 1050 25 25 6 
1050 1050 25 25 6 
1075 1050 25 25 6 
1100 1050 25 25 6 
900 1050 25 25 6 
1125 1050 25 25 1 
1150 1050 25 25 1 
1175 1050 25 25 1 
1200 1050 25 25 1 
1225 1050 25 25 1 
1250 1050 25 25 1 
1275 1050 25 25 1 
1300 1050 25 25 1 
1350 1050 25 25 1 
1375 1050 25 25 1 
1400 1050 25 25 2 
1425 1050 25 25 2 
1450 1050 25 25 2 
1475 1050 25 25 2 
1500 1050 25 25 2 
1525 1050 25 25 2 
1550 1050 25 25 2 
1575 1050 25 25 2 
1600 1050 25 25 2 
1625 1050 25 25 2 
1650 1050 25 25 3 
1675 1050 25 25 3 
1700 1050 25 25 3 
1725 1050 25 25 3 
1750 1050 25 25 3 
1775 1050 25 25 3 
1800 1050 25 25 3 
1825 1050 25 25 3 
1850 1050 25 25 3 
1875 1050 25 25 4 
1900 1050 25 25 4 
1925 1050 25 25 4 
1950 1050 25 25 4 
1975 1050 25 25 4 
2000 1050 25 25 4 
2025 1050 25 25 4 
2050 1050 25 25 4 
2125 1050 25 25 4 
2150 1050 25 25 5 
2175 1050 25 25 5 
2200 1050 25 25 5 
2225 1050 25 25 5 
2250 1050 25 25 5 
2275 1050 25 25 5 
2300 1050 25 25 5 
2325 1050 25 25 5 
2350 1050 25 25 5 
2375 1050 25 25 5 
2400 1050 25 25 5 
2425 1050 25 25 5 
2450 1050 25 25 5 
2475 1050 25 25 6 
2500 1050 25 25 6 
2525 1050 25 25 6 
2550 1050 25 25 6 
2575 1050 25 25 6 
2600 1050 25 25 6 
2625 1050 25 25 6 
2650 1050 25 25 6 
2675 1050 25 25 6 
2700 1050 25 25 6 
2725 1050 25 25 6 
2925 1050 25 25 6 
2950 1050 25 25 0 
2975 1050 25 25 0 
3000 1050 25 25 0 
3025 1050 25 25 0 
2925 1400 25 25 0 
2925 1500 25 25 0 
2925 1525 25 25 0 
2925 1650 25 25 0 
2925 1675 25 25 0 
2925 1700 25 25 0 
2825 2075 25 25 0 
2825 2100 25 25 0 
2825 2125 25 25 0 
2825 2350 25 25 0 
2825 2375 25 25 0 
2825 2675 25 25 0 
2825 2725 25 25 0 
2825 2750 25 25 0 
2850 3575 25 25 0 
2850 3625 25 25 0 
2850 3650 25 25 0 
2850 3700 25 25 0 
2825 3700 25 25 0 
2850 3725 25 25 0 
2875 3725 25 25 0 
2875 3750 25 25 0 
2875 3775 25 25 0 
2900 3775 25 25 0 
2925 3775 25 25 0 
2925 3800 25 25 0 
2925 3825 25 25 0 
2950 3825 25 25 0 
2950 3800 25 25 0 
2950 3775 25 25 0 
2950 3750 25 25 0 
2975 3750 25 25 0 
2975 3725 25 25 0 
2975 3700 25 25 0 
3000 3675 25 25 0 
3000 3650 25 25 0 
3000 3625 25 25 0 
3025 3600 25 25 0 
3025 3575 25 25 0 
3025 3550 25 25 0 
3025 3525 25 25 0 
3025 3500 25 25 0 
3025 3475 25 25 0 
3025 3450 25 25 0 
3025 3425 25 25 0 
3025 3400 25 25 0 
3025 3375 25 25 0 
3025 3350 25 25 0 
3025 3325 25 25 0 
3000 3325 25 25 0 
3000 3300 25 25 0 
3000 3275 25 25 0 
2975 3275 25 25 0 
2950 3275 25 25 0 
2950 3300 25 25 0 
2925 3300 25 25 0 
2925 3275 25 25 0 
2925 3250 25 25 0 
2900 3225 25 25 0 
2900 3200 25 25 0 
2875 3200 25 25 0 
2875 3175 25 25 0 
2850 3150 25 25 0 
2825 3150 25 25 0 
2825 3125 25 25 0 
2800 3125 25 25 0 
2775 3125 25 25 0 
2750 3125 25 25 0 
2725 3125 25 25 0 
2700 3125 25 25 0 
2700 3150 25 25 0 
2675 3150 25 25 0 
2675 3125 25 25 0 
2650 3100 25 25 0 
2650 3075 25 25 0 
2625 3075 25 25 0 
2625 3050 25 25 0 
2600 3025 25 25 0 
2475 2975 25 25 0 
2450 2975 25 25 0 
2450 3000 25 25 0 
2425 3000 25 25 0 
2400 3000 25 25 0 
2375 3000 25 25 0 
2375 3025 25 25 0 
2350 3025 25 25 0 
2350 2975 25 25 0 
2350 2950 25 25 0 
2350 2925 25 25 0 
2350 2900 25 25 0 
2350 2875 25 25 0 
2350 2850 25 25 0 
2350 2825 25 25 0 
2350 2800 25 25 0 
2350 2775 25 25 0 
2350 2750 25 25 0 
2350 2725 25 25 0 
2350 2700 25 25 0 
2350 2675 25 25 0 
2350 2650 25 25 0 
2350 2625 25 25 0 
2350 2600 25 25 0 
2350 2575 25 25 0 
2350 2550 25 25 0 
2350 2525 25 25 0 
2350 2500 25 25 0 
2350 2475 25 25 0 
2350 2450 25 25 0 
2350 2425 25 25 0 
2350 2400 25 25 0 
2350 2375 25 25 0 
2350 2350 25 25 0 
2350 2325 25 25 0 
2350 2300 25 25 0 
2350 2275 25 25 0 
2350 2250 25 25 0 
2350 2225 25 25 0 
2350 2200 25 25 0 
2350 2175 25 25 0 
2350 2150 25 25 0 
2350 2125 25 25 0 
2350 2100 25 25 0 
2350 2075 25 25 0 
2350 2050 25 25 0 
2350 2025 25 25 0 
2350 2000 25 25 0 
2350 1975 25 25 0 
2350 1950 25 25 0 
2350 1925 25 25 0 
2350 1900 25 25 0 
2350 1875 25 25 0 
2350 1850 25 25 0 
2350 1825 25 25 0 
2350 1800 25 25 0 
2750 2650 25 25 0 
2775 2675 25 25 0 
2775 2700 25 25 0 
2775 2725 25 25 0 
2800 2700 25 25 0 
2825 2700 25 25 0 
2800 2675 25 25 0 
2850 2675 25 25 0 
2875 2650 25 25 0 
2900 2650 25 25 0 
2900 2625 25 25 0 
2925 2600 25 25 0 
2925 2575 25 25 0 
2950 2575 25 25 0 
2950 2550 25 25 0 
2950 2525 25 25 0 
2975 2525 25 25 0 
2975 2500 25 25 0 
2975 2475 25 25 0 
3000 2450 25 25 0 
3000 2425 25 25 0 
3000 2400 25 25 0 
3025 2400 25 25 0 
3025 2375 25 25 0 
3025 2350 25 25 0 
3025 2325 25 25 0 
3025 2300 25 25 0 
3025 2275 25 25 0 
3025 2250 25 25 0 
3025 2225 25 25 0 
3025 2200 25 25 0 
3025 2175 25 25 0 
3025 2150 25 25 0 
3025 2125 25 25 0 
3025 2100 25 25 0 
3025 2075 25 25 0 
3025 2050 25 25 0 
3025 2025 25 25 0 
3025 2000 25 25 0 
3025 1975 25 25 0 
3025 1950 25 25 0 
3025 1925 25 25 0 
3025 1900 25 25 0 
3025 1875 25 25 0 
3025 1850 25 25 0 
3025 1825 25 25 0 
3025 1800 25 25 0 
3025 1775 25 25 0 
3025 1750 25 25 0 
3025 1725 25 25 0 
3025 1700 25 25 0 
3025 1675 25 25 0 
3025 1650 25 25 0 
3025 1625 25 25 0 
3025 1600 25 25 0 
3025 1575 25 25 0 
3025 1550 25 25 0 
3025 1525 25 25 0 
3025 1500 25 25 0 
3025 1475 25 25 0 
3025 1450 25 25 0 
3025 1425 25 25 0 
3025 1400 25 25 0 
3025 1375 25 25 0 
3025 1350 25 25 0 
3025 1325 25 25 0 
3025 1300 25 25 0 
3025 1275 25 25 0 
3025 1250 25 25 0 
3025 1225 25 25 0 
3025 1200 25 25 0 
2900 1050 25 25 6 
2800 1050 25 25 6 
2825 1050 25 25 6 
2850 1050 25 25 6 
2875 1050 25 25 6 
3150 1350 25 25 6 
3175 1350 25 25 6 
3175 1325 25 25 6 
3175 1300 25 25 6 
3175 1275 25 25 6 
3175 1250 25 25 6 
3175 1225 25 25 6 
3175 1200 25 25 6 
3175 1175 25 25 6 
3175 1150 25 25 6 
3175 1125 25 25 6 
3175 1100 25 25 6 
3175 1075 25 25 6 
3175 1050 25 25 6 
3175 1025 25 25 6 
3175 1000 25 25 6 
3175 975 25 25 6 
3200 950 25 25 6 
2750 1050 25 25 6 
2775 1050 25 25 6 
3050 1050 25 25 0 
3075 1050 25 25 0 
2850 1025 25 25 0 
2875 1025 25 25 0 
2875 1000 25 25 0 
2900 1025 25 25 0 
2825 1025 25 25 0 
2800 1025 25 25 0 
2750 1025 25 25 0 
2725 1025 25 25 0 
2900 1000 25 25 0 
2850 1000 25 25 0 
2925 1025 25 25 0 
2950 1025 25 25 0 
2775 1025 25 25 0 
2425 1000 25 25 3 
2425 1025 25 25 3 
2450 1025 25 25 3 
2450 1000 25 25 3 
2475 850 25 25 4 
2475 875 25 25 4 
2500 875 25 25 4 
2500 850 25 25 4 
2675 850 25 25 1 
2700 850 25 25 1 
2775 1000 25 25 1 
3125 1375 25 25 5 
3125 1400 25 25 5 
3125 1350 25 25 5 
3125 1325 25 25 5 
3125 1300 25 25 5 
3125 1275 25 25 5 
3125 1225 25 25 5 
3125 1200 25 25 5 
3125 1175 25 25 5 
3125 1150 25 25 5 
3125 1125 25 25 5 
3125 1100 25 25 5 
3125 1075 25 25 5 
3125 1050 25 25 5 
3150 1050 25 25 5 
1475 975 25 25 6 
1450 1000 25 25 6 
1425 1000 25 25 6 
1425 1025 25 25 6 
1350 1025 25 25 6 
1300 950 25 25 6 
1300 925 25 25 6 
850 1125 25 25 6 
825 1125 25 25 6 
975 1025 25 25 6 
975 1000 25 25 6 
225 975 25 25 6 
-25 950 25 25 6 