0 975 25 25 0 
25 975 25 25 0 
50 975 25 25 0 
75 975 25 25 0 
100 975 25 25 0 
150 975 25 25 0 
225 975 25 25 0 
200 975 25 25 0 
125 975 25 25 0 
175 975 25 25 0 
275 950 25 25 0 
300 950 25 25 0 
325 950 25 25 0 
250 950 25 25 0 
350 950 25 25 0 
375 950 25 25 0 
425 950 25 25 0 
400 950 25 25 0 
450 975 25 25 0 
475 975 25 25 0 
475 1000 25 25 0 
500 1000 25 25 0 
525 1000 25 25 0 
550 1000 25 25 0 
575 1000 25 25 0 
600 1025 25 25 0 
625 1050 25 25 0 
700 1075 25 25 0 
725 1075 25 25 0 
650 1050 25 25 0 
675 1050 25 25 0 
725 1100 25 25 0 
750 1100 25 25 0 
775 1100 25 25 0 
800 1100 25 25 0 
825 1100 25 25 0 
850 1100 25 25 0 
875 1100 25 25 0 
875 1075 25 25 0 
900 1075 25 25 0 
900 1050 25 25 0 
900 1025 25 25 0 
950 1025 25 25 0 
925 1025 25 25 0 
950 1000 25 25 0 
975 1000 25 25 0 
975 975 25 25 0 
1000 975 25 25 0 
1000 950 25 25 0 
1025 950 25 25 0 
1025 925 25 25 0 
1025 900 25 25 0 
1050 875 25 25 0 
1050 850 25 25 0 
1075 850 25 25 0 
1075 825 25 25 0 
1100 825 25 25 0 
1125 800 25 25 0 
1150 800 25 25 0 
1150 775 25 25 0 
1175 775 25 25 0 
1200 775 25 25 0 
1225 775 25 25 0 
300 1000 25 25 10 
300 1025 25 25 10 
300 1050 25 25 10 
300 1075 25 25 10 
300 1100 25 25 10 
300 1125 25 25 10 
325 1000 25 25 10 
375 1000 25 25 10 
350 1000 25 25 10 
400 1000 25 25 10 
425 1000 25 25 10 
450 1000 25 25 10 
450 1025 25 25 10 
425 1050 25 25 10 
425 1100 25 25 10 
325 1125 25 25 10 
325 1025 25 25 10 
350 1025 25 25 10 
325 1050 25 25 10 
325 1100 25 25 10 
325 1075 25 25 10 
350 1125 25 25 10 
350 1100 25 25 10 
350 1075 25 25 10 
350 1050 25 25 10 
375 1025 25 25 10 
400 1025 25 25 10 
400 1075 25 25 10 
375 1100 25 25 10 
375 1125 25 25 10 
400 1100 25 25 10 
375 1075 25 25 10 
375 1050 25 25 10 
400 1050 25 25 10 
425 1025 25 25 10 
425 1075 25 25 10 
450 1100 25 25 10 
450 1075 25 25 10 
450 1050 25 25 10 
475 1100 25 25 10 
475 1075 25 25 10 
475 1025 25 25 10 
500 1025 25 25 10 
500 1050 25 25 10 
500 1100 25 25 10 
475 1050 25 25 10 
500 1075 25 25 10 
525 1100 25 25 10 
525 1075 25 25 10 
525 1050 25 25 10 
550 1050 25 25 10 
550 1075 25 25 10 
575 1075 25 25 10 
575 1050 25 25 10 
600 1050 25 25 10 
600 1075 25 25 10 
575 1025 25 25 10 
550 1025 25 25 10 
525 1025 25 25 10 
300 975 25 25 10 
325 975 25 25 10 
400 975 25 25 10 
425 975 25 25 10 
350 975 25 25 10 
375 975 25 25 10 
250 975 25 25 10 
250 1000 25 25 10 
250 1025 25 25 10 
250 1050 25 25 10 
250 1075 25 25 10 
275 1075 25 25 10 
275 1050 25 25 10 
275 1025 25 25 10 
275 1000 25 25 10 
275 975 25 25 10 
650 1100 25 25 10 
675 1100 25 25 10 
700 1100 25 25 10 
650 1075 25 25 10 
675 1075 25 25 10 
625 1075 25 25 10 
650 1125 25 25 10 
700 1125 25 25 10 
725 1125 25 25 10 
800 1125 25 25 10 
825 1125 25 25 10 
850 1125 25 25 10 
775 1125 25 25 10 
750 1125 25 25 10 
675 1125 25 25 10 
900 1125 25 25 10 
875 1125 25 25 10 
900 1100 25 25 10 
925 1050 25 25 10 
925 1075 25 25 10 
925 1100 25 25 10 
1250 775 25 25 0 
1275 775 25 25 0 
1300 775 25 25 0 
1325 775 25 25 0 
1350 775 25 25 0 
1375 775 25 25 0 
1400 775 25 25 0 
1425 775 25 25 0 
1425 750 25 25 0 
1450 750 25 25 0 
1475 750 25 25 0 
1500 750 25 25 0 
1525 750 25 25 0 
1525 725 25 25 0 
1525 700 25 25 0 
1550 700 25 25 0 
1575 700 25 25 0 
1575 675 25 25 0 
1600 675 25 25 0 
1625 675 25 25 0 
1650 675 25 25 0 
1675 675 25 25 0 
1675 650 25 25 0 
1700 650 25 25 0 
1725 650 25 25 0 
1750 650 25 25 0 
1750 675 25 25 0 
1775 675 25 25 0 
1800 675 25 25 0 
1825 675 25 25 0 
1850 675 25 25 0 
1850 700 25 25 0 
1875 725 25 25 0 
1875 700 25 25 0 
1900 700 25 25 0 
1900 725 25 25 0 
1900 750 25 25 0 
1950 750 25 25 0 
1975 750 25 25 0 
2000 750 25 25 0 
2025 750 25 25 0 
2025 775 25 25 0 
2050 775 25 25 0 
2075 775 25 25 0 
2075 800 25 25 0 
2100 800 25 25 0 
2125 800 25 25 0 
2150 800 25 25 0 
2150 825 25 25 0 
2175 825 25 25 0 
2175 850 25 25 0 
2200 850 25 25 0 
2225 875 25 25 0 
2250 900 25 25 0 
2275 875 25 25 0 
2300 875 25 25 0 
2325 875 25 25 0 
2250 875 25 25 0 
2275 900 25 25 0 
2300 900 25 25 0 
2325 900 25 25 0 
2350 900 25 25 0 
2375 900 25 25 0 
2400 900 25 25 0 
2400 925 25 25 0 
2425 925 25 25 0 
2450 925 25 25 0 
2475 925 25 25 0 
2500 900 25 25 0 
2525 900 25 25 0 
2550 900 25 25 0 
2575 900 25 25 0 
2600 900 25 25 0 
2625 900 25 25 0 
2650 900 25 25 0 
2675 900 25 25 0 
2700 900 25 25 0 
2725 900 25 25 0 
2750 900 25 25 0 
1925 750 25 25 0 
1925 725 25 25 0 
-25 975 25 25 0 
-50 975 25 25 0 
-75 975 25 25 0 
-100 975 25 25 0 
-125 975 25 25 0 
-150 975 25 25 0 
-175 975 25 25 0 
-200 975 25 25 0 
-225 975 25 25 0 
-250 975 25 25 0 
-275 975 25 25 0 
-325 975 25 25 0 
-525 975 25 25 0 
-550 975 25 25 0 
-575 975 25 25 0 
-600 975 25 25 0 
-625 975 25 25 0 
-650 975 25 25 0 
-675 975 25 25 0 
-700 975 25 25 0 
-725 975 25 25 0 
-750 975 25 25 0 
-850 975 25 25 0 
-875 975 25 25 0 
-900 975 25 25 0 
-925 975 25 25 0 
-950 975 25 25 0 
-1225 975 25 25 0 
-1250 975 25 25 0 
-1250 950 25 25 0 
-1275 950 25 25 0 
-1300 950 25 25 0 
-1325 950 25 25 0 
-1350 950 25 25 0 
-1350 925 25 25 0 
-1350 900 25 25 0 
-1350 875 25 25 0 
-1350 850 25 25 0 
-300 975 25 25 0 
-350 975 25 25 0 
-375 975 25 25 0 
-400 975 25 25 0 
-425 975 25 25 0 
-475 975 25 25 0 
-450 975 25 25 0 
-500 975 25 25 0 
-1225 1000 25 25 0 
-1200 1000 25 25 0 
-975 975 25 25 0 
-1000 975 25 25 0 
-1025 975 25 25 0 
-1050 975 25 25 0 
-1075 1000 25 25 0 
-1100 1000 25 25 0 
-1125 1000 25 25 0 
-1150 1000 25 25 0 
-1175 1000 25 25 0 
-1050 1000 25 25 0 
-825 975 25 25 0 
-800 975 25 25 0 
-775 975 25 25 0 
-675 925 25 25 5 
-700 900 25 25 5 
-675 900 25 25 5 
-650 900 25 25 5 
-650 925 25 25 5 
-625 925 25 25 5 
-600 950 25 25 5 
-625 950 25 25 5 
-525 900 25 25 2 
-525 925 25 25 2 
-500 925 25 25 2 
-500 900 25 25 2 
-500 950 25 25 2 
-475 925 25 25 2 
-475 950 25 25 2 
-475 900 25 25 2 
-525 950 25 25 2 
-525 875 25 25 2 
-500 875 25 25 2 
-450 950 25 25 2 
-450 925 25 25 2 
-675 875 25 25 5 
-550 900 25 25 2 
-550 925 25 25 2 
-550 875 25 25 2 
-700 875 25 25 5 
-650 950 25 25 5 
-725 875 25 25 5 
-725 900 25 25 5 
-700 925 25 25 5 
-675 950 25 25 5 
0 950 25 25 2 
25 950 25 25 2 
625 975 25 25 5 
650 975 25 25 5 
650 1000 25 25 5 
675 1000 25 25 5 
700 1000 25 25 5 
700 1025 25 25 5 
725 1025 25 25 5 
600 1000 25 25 5 
625 1000 25 25 5 
625 1025 25 25 5 
650 1025 25 25 5 
675 1025 25 25 5 
700 1050 25 25 5 
725 1050 25 25 5 
525 975 25 25 2 
550 950 25 25 2 
550 975 25 25 2 
-925 950 25 25 5 
-900 950 25 25 5 
-900 925 25 25 5 
-875 925 25 25 5 
-875 950 25 25 5 
-850 925 25 25 5 
-850 900 25 25 5 
-875 900 25 25 5 
550 1100 25 25 10 
575 1100 25 25 10 
600 1100 25 25 10 
625 1100 25 25 10 
625 1125 25 25 10 
650 1150 25 25 10 
675 1150 25 25 10 
700 1150 25 25 10 
725 1150 25 25 10 
750 1150 25 25 10 
775 1150 25 25 10 
800 1150 25 25 10 
825 1150 25 25 10 
850 1150 25 25 10 
950 1050 25 25 10 
950 1075 25 25 10 
975 1025 25 25 10 
975 1050 25 25 10 
975 1075 25 25 10 
1000 1000 25 25 10 
1000 1025 25 25 10 
1000 1050 25 25 10 
1025 975 25 25 10 
1025 1000 25 25 10 
1025 1025 25 25 10 
1050 900 25 25 10 
1050 925 25 25 10 
1050 950 25 25 10 
1050 975 25 25 10 
1075 875 25 25 10 
1075 900 25 25 10 
1075 925 25 25 10 
1100 850 25 25 10 
1100 875 25 25 10 
1100 900 25 25 10 
1125 825 25 25 10 
1125 850 25 25 10 
1125 875 25 25 10 
1125 900 25 25 10 
1075 950 25 25 10 
1100 925 25 25 10 
1150 825 25 25 10 
1150 875 25 25 10 
1150 850 25 25 10 
1175 800 25 25 10 
1175 825 25 25 10 
1175 850 25 25 10 
225 1000 25 25 10 
200 1000 25 25 10 
175 1000 25 25 10 
150 1000 25 25 10 
125 1000 25 25 10 
100 1000 25 25 10 
75 1000 25 25 10 
50 1000 25 25 10 
25 1000 25 25 10 
0 1000 25 25 10 
-25 1000 25 25 10 
-50 1000 25 25 10 
-75 1000 25 25 10 
-100 1000 25 25 10 
-125 1000 25 25 10 
-150 1000 25 25 10 
-175 1000 25 25 10 
-200 1000 25 25 10 
-225 1000 25 25 10 
-250 1000 25 25 10 
-275 1000 25 25 10 
-300 1000 25 25 10 
-325 1000 25 25 10 
-350 1000 25 25 10 
-375 1000 25 25 10 
-400 1000 25 25 10 
-425 1000 25 25 10 
-450 1000 25 25 10 
-475 1000 25 25 10 
-500 1000 25 25 10 
-525 1000 25 25 10 
-550 1000 25 25 10 
-575 1000 25 25 10 
-600 1000 25 25 10 
-675 1025 25 25 10 
-700 1025 25 25 10 
-700 1000 25 25 10 
-675 1000 25 25 10 
-650 1000 25 25 10 
-625 1000 25 25 10 
-725 1000 25 25 10 
-725 1025 25 25 10 
-725 1050 25 25 10 
-725 1075 25 25 10 
-725 1100 25 25 10 
-725 1125 25 25 10 
-700 1075 25 25 10 
-700 1100 25 25 10 
-700 1125 25 25 10 
-675 1100 25 25 10 
-650 1100 25 25 10 
-625 1100 25 25 10 
-675 1075 25 25 10 
-650 1075 25 25 10 
-625 1050 25 25 10 
-600 1075 25 25 10 
-575 1075 25 25 10 
-525 1075 25 25 10 
-475 1075 25 25 10 
-400 1075 25 25 10 
-375 1075 25 25 10 
-325 1075 25 25 10 
-300 1075 25 25 10 
-275 1075 25 25 10 
-250 1075 25 25 10 
-225 1075 25 25 10 
-200 1075 25 25 10 
-175 1075 25 25 10 
-150 1075 25 25 10 
-125 1075 25 25 10 
-100 1075 25 25 10 
-75 1075 25 25 10 
-75 1050 25 25 10 
-50 1050 25 25 10 
-25 1050 25 25 10 
0 1050 25 25 10 
25 1050 25 25 10 
50 1050 25 25 10 
75 1050 25 25 10 
100 1050 25 25 10 
125 1050 25 25 10 
150 1050 25 25 10 
175 1050 25 25 10 
225 1025 25 25 10 
200 1025 25 25 10 
175 1025 25 25 10 
150 1025 25 25 10 
125 1025 25 25 10 
100 1025 25 25 10 
75 1025 25 25 10 
50 1025 25 25 10 
25 1025 25 25 10 
0 1025 25 25 10 
-25 1025 25 25 10 
-50 1025 25 25 10 
-75 1025 25 25 10 
-100 1025 25 25 10 
-125 1025 25 25 10 
-150 1025 25 25 10 
-175 1025 25 25 10 
-200 1025 25 25 10 
-225 1025 25 25 10 
-250 1025 25 25 10 
-275 1025 25 25 10 
-300 1025 25 25 10 
-325 1025 25 25 10 
-350 1025 25 25 10 
-375 1025 25 25 10 
-400 1025 25 25 10 
-425 1025 25 25 10 
-450 1025 25 25 10 
-475 1025 25 25 10 
-500 1025 25 25 10 
-525 1025 25 25 10 
-650 1025 25 25 10 
-625 1025 25 25 10 
-600 1025 25 25 10 
-575 1025 25 25 10 
-550 1025 25 25 10 
-700 1050 25 25 10 
-675 1050 25 25 10 
-650 1050 25 25 10 
-600 1050 25 25 10 
-575 1050 25 25 10 
-550 1050 25 25 10 
-525 1050 25 25 10 
-500 1050 25 25 10 
-475 1050 25 25 10 
-450 1050 25 25 10 
-425 1050 25 25 10 
-400 1050 25 25 10 
-325 1050 25 25 10 
-300 1050 25 25 10 
-275 1050 25 25 10 
-250 1050 25 25 10 
-225 1050 25 25 10 
-200 1050 25 25 10 
-175 1050 25 25 10 
-150 1050 25 25 10 
-125 1050 25 25 10 
-100 1050 25 25 10 
-350 1050 25 25 10 
-375 1050 25 25 10 
-625 1075 25 25 10 
-550 1075 25 25 10 
-500 1075 25 25 10 
-450 1075 25 25 10 
-425 1075 25 25 10 
-350 1075 25 25 10 
-750 1000 25 25 10 
-775 1000 25 25 10 
-800 1000 25 25 10 
-825 1000 25 25 10 
-850 1000 25 25 10 
-875 1000 25 25 10 
-900 1000 25 25 10 
-925 1000 25 25 10 
-950 1000 25 25 10 
-975 1000 25 25 10 
-1000 1000 25 25 10 
-1025 1000 25 25 10 
-1025 1025 25 25 10 
-1025 1050 25 25 10 
-1000 1050 25 25 10 
-975 1050 25 25 10 
-950 1050 25 25 10 
-950 1075 25 25 10 
-925 1075 25 25 10 
-900 1075 25 25 10 
-875 1075 25 25 10 
-850 1075 25 25 10 
-825 1075 25 25 10 
-800 1075 25 25 10 
-775 1075 25 25 10 
-775 1100 25 25 10 
-750 1100 25 25 10 
-800 1100 25 25 10 
-825 1100 25 25 10 
-850 1100 25 25 10 
-875 1100 25 25 10 
-900 1100 25 25 10 
-925 1100 25 25 10 
-1000 1075 25 25 10 
-975 1075 25 25 10 
-1000 1025 25 25 10 
-975 1025 25 25 10 
-950 1025 25 25 10 
-925 1025 25 25 10 
-900 1025 25 25 10 
-875 1025 25 25 10 
-850 1025 25 25 10 
-825 1025 25 25 10 
-800 1025 25 25 10 
-775 1025 25 25 10 
-750 1025 25 25 10 
-925 1050 25 25 10 
-900 1050 25 25 10 
-875 1050 25 25 10 
-850 1050 25 25 10 
-825 1050 25 25 10 
-800 1050 25 25 10 
-775 1050 25 25 10 
-750 1050 25 25 10 
-750 1075 25 25 10 
-1350 975 25 25 10 
-1325 975 25 25 10 
-1325 1000 25 25 10 
-1300 1000 25 25 10 
-1300 1025 25 25 10 
-1275 1025 25 25 10 
-1250 1025 25 25 10 
-1225 1050 25 25 10 
-1200 1050 25 25 10 
-1175 1050 25 25 10 
-1175 1075 25 25 10 
-1150 1075 25 25 10 
-1125 1075 25 25 10 
-1100 1075 25 25 10 
-1075 1075 25 25 10 
-1050 1075 25 25 10 
-1025 1075 25 25 10 
-1300 975 25 25 10 
-1275 975 25 25 10 
-1275 1000 25 25 10 
-1250 1000 25 25 10 
-1225 1025 25 25 10 
-1200 1025 25 25 10 
-1175 1025 25 25 10 
-1150 1025 25 25 10 
-1125 1025 25 25 10 
-1100 1025 25 25 10 
-1075 1025 25 25 10 
-1050 1025 25 25 10 
-1075 1050 25 25 10 
-1100 1050 25 25 10 
-1125 1050 25 25 10 
-1150 1050 25 25 10 
-1050 1050 25 25 10 
-1350 1000 25 25 10 
-1325 1025 25 25 10 
-1250 1050 25 25 10 
-1300 1050 25 25 10 
-1275 1050 25 25 10 
-1200 1075 25 25 10 
-1225 1075 25 25 10 
-1150 1100 25 25 10 
-1125 1100 25 25 10 
-1100 1100 25 25 10 
-1075 1100 25 25 10 
-1050 1100 25 25 10 
-1025 1100 25 25 10 
-1000 1100 25 25 10 
-975 1100 25 25 10 
-950 1100 25 25 10 
-975 1125 25 25 10 
-950 1125 25 25 10 
-925 1125 25 25 10 
-900 1125 25 25 10 
-875 1125 25 25 10 
-850 1125 25 25 10 
-825 1125 25 25 10 
-800 1125 25 25 10 
-775 1125 25 25 10 
-750 1125 25 25 10 
-600 1100 25 25 10 
-575 1100 25 25 10 
-550 1100 25 25 10 
-525 1100 25 25 10 
-500 1100 25 25 10 
-475 1100 25 25 10 
-450 1100 25 25 10 
-425 1100 25 25 10 
-400 1100 25 25 10 
-375 1100 25 25 10 
-350 1100 25 25 10 
-325 1100 25 25 10 
-300 1100 25 25 10 
-275 1100 25 25 10 
-250 1100 25 25 10 
-225 1100 25 25 10 
-200 1100 25 25 10 
-175 1100 25 25 10 
-150 1100 25 25 10 
-125 1100 25 25 10 
275 1100 25 25 10 
275 1125 25 25 10 
250 1100 25 25 10 
400 1125 25 25 10 
425 1125 25 25 10 
450 1125 25 25 10 
475 1125 25 25 10 
500 1125 25 25 10 
525 1125 25 25 10 
550 1125 25 25 10 
575 1125 25 25 10 
600 1125 25 25 10 
875 1150 25 25 10 
900 1150 25 25 10 
925 1150 25 25 10 
925 1125 25 25 10 
950 1100 25 25 10 
950 1125 25 25 10 
950 1150 25 25 10 
975 1125 25 25 10 
975 1100 25 25 10 
975 1150 25 25 10 
1000 1075 25 25 10 
1000 1100 25 25 10 
1000 1125 25 25 10 
1025 1050 25 25 10 
1025 1075 25 25 10 
1025 1100 25 25 10 
1050 1000 25 25 10 
1050 1025 25 25 10 
1050 1050 25 25 10 
1050 1075 25 25 10 
1075 975 25 25 10 
1075 1000 25 25 10 
1075 1025 25 25 10 
1075 1050 25 25 10 
1100 950 25 25 10 
1100 975 25 25 10 
1100 1000 25 25 10 
1100 1025 25 25 10 
1125 925 25 25 10 
1125 950 25 25 10 
1125 975 25 25 10 
1125 1000 25 25 10 
1150 900 25 25 10 
1150 925 25 25 10 
1150 950 25 25 10 
1150 975 25 25 10 
1175 875 25 25 10 
1175 900 25 25 10 
1175 925 25 25 10 
1175 950 25 25 10 
1200 925 25 25 10 
1225 925 25 25 10 
1250 925 25 25 10 
1250 900 25 25 10 
1275 900 25 25 10 
1300 900 25 25 10 
1325 900 25 25 10 
1325 875 25 25 10 
1350 875 25 25 10 
1375 875 25 25 10 
1400 875 25 25 10 
1425 875 25 25 10 
1450 875 25 25 10 
1475 875 25 25 10 
1500 875 25 25 10 
1525 875 25 25 10 
1550 875 25 25 10 
1575 875 25 25 10 
1600 850 25 25 10 
1625 850 25 25 10 
1650 850 25 25 10 
1675 850 25 25 10 
1675 825 25 25 10 
1700 825 25 25 10 
1725 825 25 25 10 
1750 825 25 25 10 
1750 800 25 25 10 
1775 800 25 25 10 
1800 800 25 25 10 
1200 850 25 25 10 
1225 850 25 25 10 
1225 875 25 25 10 
1200 875 25 25 10 
1225 900 25 25 10 
1250 875 25 25 10 
1300 875 25 25 10 
1350 850 25 25 10 
1375 850 25 25 10 
1400 850 25 25 10 
1425 850 25 25 10 
1450 850 25 25 10 
1475 850 25 25 10 
1475 825 25 25 10 
1500 825 25 25 10 
1525 825 25 25 10 
1550 825 25 25 10 
1550 800 25 25 10 
1575 800 25 25 10 
1600 800 25 25 10 
1625 800 25 25 10 
1625 775 25 25 10 
1650 775 25 25 10 
1675 775 25 25 10 
1700 750 25 25 10 
1725 750 25 25 10 
1675 750 25 25 10 
1625 750 25 25 10 
1575 750 25 25 10 
1200 800 25 25 10 
1200 825 25 25 10 
1200 900 25 25 10 
1225 800 25 25 10 
1225 825 25 25 10 
1250 825 25 25 10 
1250 850 25 25 10 
1275 875 25 25 10 
1275 850 25 25 10 
1275 825 25 25 10 
1250 800 25 25 10 
1275 800 25 25 10 
1300 800 25 25 10 
1325 800 25 25 10 
1350 800 25 25 10 
1350 825 25 25 10 
1325 825 25 25 10 
1325 850 25 25 10 
1300 825 25 25 10 
1300 850 25 25 10 
1375 825 25 25 10 
1400 825 25 25 10 
1425 825 25 25 10 
1450 825 25 25 10 
1475 800 25 25 10 
1450 800 25 25 10 
1425 800 25 25 10 
1400 800 25 25 10 
1375 800 25 25 10 
1500 850 25 25 10 
1525 850 25 25 10 
1550 850 25 25 10 
1575 850 25 25 10 
1625 825 25 25 10 
1650 825 25 25 10 
1650 800 25 25 10 
1575 825 25 25 10 
1600 825 25 25 10 
1675 800 25 25 10 
1700 800 25 25 10 
1700 775 25 25 10 
1725 775 25 25 10 
1725 800 25 25 10 
1525 800 25 25 10 
1500 800 25 25 10 
1450 775 25 25 10 
1475 775 25 25 10 
1500 775 25 25 10 
1525 775 25 25 10 
1550 775 25 25 10 
1575 775 25 25 10 
1600 775 25 25 10 
1600 750 25 25 10 
1550 750 25 25 10 
1550 725 25 25 10 
1575 725 25 25 10 
1600 725 25 25 10 
1625 725 25 25 10 
1650 725 25 25 10 
1625 700 25 25 10 
1600 700 25 25 10 
1650 700 25 25 10 
1675 700 25 25 10 
1700 700 25 25 10 
1700 675 25 25 10 
1725 675 25 25 10 
1725 700 25 25 10 
1700 725 25 25 10 
1675 725 25 25 10 
1650 750 25 25 10 
1725 725 25 25 10 
1750 725 25 25 10 
1750 750 25 25 10 
1775 825 25 25 10 
1800 825 25 25 10 
1825 825 25 25 10 
1850 825 25 25 10 
1875 825 25 25 10 
1900 825 25 25 10 
1925 850 25 25 10 
1950 850 25 25 10 
1975 850 25 25 10 
2000 875 25 25 10 
2025 875 25 25 10 
2050 900 25 25 10 
2075 900 25 25 10 
2100 925 25 25 10 
2125 925 25 25 10 
2125 950 25 25 10 
2150 950 25 25 10 
2175 950 25 25 10 
2175 975 25 25 10 
2200 975 25 25 10 
2225 975 25 25 10 
2225 1000 25 25 10 
2250 1000 25 25 10 
2275 1000 25 25 10 
2300 1025 25 25 10 
2325 1025 25 25 10 
2350 1025 25 25 10 
2375 1025 25 25 10 
2400 1025 25 25 10 
2425 1025 25 25 10 
2450 1025 25 25 10 
1900 850 25 25 10 
1925 875 25 25 10 
1950 875 25 25 10 
1975 875 25 25 10 
2000 900 25 25 10 
2025 900 25 25 10 
2050 925 25 25 10 
2075 925 25 25 10 
2075 950 25 25 10 
2100 950 25 25 10 
2125 975 25 25 10 
2150 975 25 25 10 
2200 1000 25 25 10 
2250 1025 25 25 10 
2275 1025 25 25 10 
2300 1050 25 25 10 
2325 1050 25 25 10 
2350 1050 25 25 10 
2375 1050 25 25 10 
2400 1050 25 25 10 
2425 1050 25 25 10 
2450 1050 25 25 10 
1775 725 25 25 10 
1775 750 25 25 10 
1750 775 25 25 10 
1775 775 25 25 10 
1750 700 25 25 10 
1775 700 25 25 10 
1800 700 25 25 10 
1825 700 25 25 10 
1825 725 25 25 10 
1850 725 25 25 10 
1875 750 25 25 10 
1900 775 25 25 10 
1925 775 25 25 10 
1950 775 25 25 10 
1975 775 25 25 10 
2000 775 25 25 10 
2025 800 25 25 10 
2050 800 25 25 10 
2075 825 25 25 10 
2100 825 25 25 10 
2125 825 25 25 10 
2125 850 25 25 10 
2150 850 25 25 10 
2150 875 25 25 10 
2175 875 25 25 10 
2175 900 25 25 10 
2200 900 25 25 10 
2200 875 25 25 10 
2225 900 25 25 10 
2225 925 25 25 10 
2250 925 25 25 10 
2250 950 25 25 10 
2275 950 25 25 10 
2300 950 25 25 10 
2300 925 25 25 10 
2275 925 25 25 10 
2325 925 25 25 10 
2350 925 25 25 10 
2375 925 25 25 10 
1800 725 25 25 10 
1800 750 25 25 10 
1825 750 25 25 10 
1800 775 25 25 10 
1825 800 25 25 10 
1825 775 25 25 10 
1850 750 25 25 10 
1850 775 25 25 10 
1850 800 25 25 10 
1875 775 25 25 10 
1875 800 25 25 10 
1900 800 25 25 10 
1925 800 25 25 10 
1950 800 25 25 10 
1975 800 25 25 10 
2000 800 25 25 10 
1950 825 25 25 10 
1925 825 25 25 10 
1975 825 25 25 10 
2000 825 25 25 10 
2025 825 25 25 10 
2000 850 25 25 10 
2025 850 25 25 10 
2050 825 25 25 10 
2050 850 25 25 10 
2075 850 25 25 10 
2050 875 25 25 10 
2075 875 25 25 10 
2100 850 25 25 10 
2100 875 25 25 10 
2100 900 25 25 10 
2125 900 25 25 10 
2150 925 25 25 10 
2125 875 25 25 10 
2150 900 25 25 10 
2175 925 25 25 10 
2200 925 25 25 10 
2200 950 25 25 10 
2225 950 25 25 10 
2250 975 25 25 10 
2275 975 25 25 10 
2300 975 25 25 10 
2325 975 25 25 10 
2350 975 25 25 10 
2325 1000 25 25 10 
2350 1000 25 25 10 
2450 1000 25 25 10 
2475 1000 25 25 10 
2500 1000 25 25 10 
2500 1025 25 25 10 
2475 1025 25 25 10 
2525 1025 25 25 10 
2550 1025 25 25 10 
2550 1000 25 25 10 
2575 1000 25 25 10 
2600 1000 25 25 10 
2625 1000 25 25 10 
2625 1025 25 25 10 
2650 1025 25 25 10 
2675 1025 25 25 10 
2700 1025 25 25 10 
2725 1025 25 25 10 
2750 1025 25 25 10 
2775 1025 25 25 10 
2800 1025 25 25 10 
2800 1000 25 25 10 
2800 975 25 25 10 
2775 975 25 25 10 
2775 950 25 25 10 
2750 950 25 25 10 
2750 925 25 25 10 
2750 975 25 25 10 
2775 1000 25 25 10 
2725 975 25 25 10 
2725 950 25 25 10 
2725 925 25 25 10 
2750 1000 25 25 10 
2725 1000 25 25 10 
2700 1000 25 25 10 
2675 1000 25 25 10 
2650 1000 25 25 10 
2525 1000 25 25 10 
2575 1025 25 25 10 
2600 1025 25 25 10 
2450 975 25 25 10 
2425 975 25 25 10 
2400 1000 25 25 10 
2275 1050 25 25 10 
2300 1000 25 25 10 
2325 950 25 25 10 
2350 950 25 25 10 
2375 950 25 25 10 
2400 950 25 25 10 
2425 950 25 25 10 
2450 950 25 25 10 
2475 950 25 25 10 
2500 950 25 25 10 
2525 950 25 25 10 
2525 925 25 25 10 
2500 925 25 25 10 
2550 925 25 25 10 
2575 925 25 25 10 
2600 925 25 25 10 
2625 925 25 25 10 
2650 925 25 25 10 
2675 925 25 25 10 
2700 925 25 25 10 
2700 950 25 25 10 
2675 950 25 25 10 
2650 950 25 25 10 
2625 950 25 25 10 
2600 950 25 25 10 
2575 950 25 25 10 
2550 950 25 25 10 
2500 975 25 25 10 
2475 975 25 25 10 
2400 975 25 25 10 
2375 975 25 25 10 
2375 1000 25 25 10 
2425 1000 25 25 10 
2525 975 25 25 10 
2550 975 25 25 10 
2575 975 25 25 10 
2600 975 25 25 10 
2625 975 25 25 10 
2650 975 25 25 10 
2675 975 25 25 10 
2700 975 25 25 10 
2250 1050 25 25 10 
2225 1025 25 25 10 
2200 1025 25 25 10 
2175 1000 25 25 10 
2150 1000 25 25 10 
2100 975 25 25 10 
2050 950 25 25 10 
2025 925 25 25 10 
2000 925 25 25 10 
1975 900 25 25 10 
1950 900 25 25 10 
1900 875 25 25 10 
1875 850 25 25 10 
1000 1150 25 25 10 
1025 1125 25 25 10 
1050 1100 25 25 10 
1075 1100 25 25 10 
1075 1075 25 25 10 
1100 1075 25 25 10 
1100 1050 25 25 10 
1125 1050 25 25 10 
1125 1025 25 25 10 
1150 1025 25 25 10 
1175 1000 25 25 10 
1200 1000 25 25 10 
1200 975 25 25 10 
1225 975 25 25 10 
1225 950 25 25 10 
1250 950 25 25 10 
1200 950 25 25 10 
1175 975 25 25 10 
1150 1000 25 25 10 
1025 1150 25 25 10 
1050 1150 25 25 10 
1050 1125 25 25 10 
1075 1125 25 25 10 
1100 1100 25 25 10 
1125 1100 25 25 10 
1125 1075 25 25 10 
1150 1075 25 25 10 
1150 1050 25 25 10 
1175 1050 25 25 10 
1175 1025 25 25 10 
650 1175 25 25 10 
675 1175 25 25 10 
700 1175 25 25 10 
725 1175 25 25 10 
750 1175 25 25 10 
775 1175 25 25 10 
800 1175 25 25 10 
825 1175 25 25 10 
850 1175 25 25 10 
875 1175 25 25 10 
900 1175 25 25 10 
925 1175 25 25 10 
950 1175 25 25 10 
625 1150 25 25 10 
-25 1075 25 25 10 
175 1075 25 25 10 
200 1075 25 25 10 
225 1075 25 25 10 
225 1050 25 25 10 
200 1050 25 25 10 
150 1075 25 25 10 
125 1075 25 25 10 
100 1075 25 25 10 
75 1075 25 25 10 
50 1075 25 25 10 
25 1075 25 25 10 
0 1075 25 25 10 
-50 1075 25 25 10 
-675 1125 25 25 10 
-650 1125 25 25 10 
-625 1125 25 25 10 
-600 1125 25 25 10 
-575 1125 25 25 10 
-550 1125 25 25 10 
-525 1125 25 25 10 
-500 1125 25 25 10 
-475 1125 25 25 10 
-450 1125 25 25 10 
-425 1125 25 25 10 
-400 1125 25 25 10 
-375 1125 25 25 10 
-350 1125 25 25 10 
-325 1125 25 25 10 
-300 1125 25 25 10 
-275 1125 25 25 10 
-250 1125 25 25 10 
225 1100 25 25 10 
200 1100 25 25 10 
175 1100 25 25 10 
250 1125 25 25 10 
225 1125 25 25 10 
-1375 975 25 25 10 
-1375 1000 25 25 10 
-1350 1025 25 25 10 
-1325 1050 25 25 10 
-1250 1075 25 25 10 
-1225 1100 25 25 10 
-1200 1100 25 25 10 
-1175 1100 25 25 10 
-1125 1125 25 25 10 
-1100 1125 25 25 10 
-1075 1125 25 25 10 
-1050 1125 25 25 10 
-1025 1125 25 25 10 
-1000 1125 25 25 10 
-1150 1125 25 25 10 
-1175 1125 25 25 10 
-1200 1125 25 25 10 
-100 1100 25 25 10 
-75 1100 25 25 10 
-50 1100 25 25 10 
-25 1100 25 25 10 
0 1100 25 25 10 
25 1100 25 25 10 
50 1100 25 25 10 
75 1100 25 25 10 
100 1100 25 25 10 
125 1100 25 25 10 
150 1100 25 25 10 
200 1125 25 25 10 
175 1125 25 25 10 
150 1125 25 25 10 
125 1125 25 25 10 
100 1125 25 25 10 
75 1125 25 25 10 
-225 1125 25 25 10 
-200 1125 25 25 10 
-175 1125 25 25 10 
-150 1125 25 25 10 
-125 1125 25 25 10 
-100 1125 25 25 10 
-75 1125 25 25 10 
-50 1125 25 25 10 
-25 1125 25 25 10 
0 1125 25 25 10 
25 1125 25 25 10 
50 1125 25 25 10 
525 1150 25 25 10 
550 1150 25 25 10 
575 1150 25 25 10 
600 1150 25 25 10 
600 1175 25 25 10 
625 1175 25 25 10 
725 1200 25 25 10 
750 1200 25 25 10 
775 1200 25 25 10 
800 1200 25 25 10 
825 1200 25 25 10 
850 1200 25 25 10 
875 1200 25 25 10 
900 1200 25 25 10 
925 1200 25 25 10 
950 1200 25 25 10 
975 1200 25 25 10 
975 1175 25 25 10 
1000 1175 25 25 10 
1025 1175 25 25 10 
450 1150 25 25 10 
475 1150 25 25 10 
500 1150 25 25 10 
575 1175 25 25 10 
650 1200 25 25 10 
675 1200 25 25 10 
700 1200 25 25 10 
750 1225 25 25 10 
775 1225 25 25 10 
800 1225 25 25 10 
825 1225 25 25 10 
850 1225 25 25 10 
875 1225 25 25 10 
900 1225 25 25 10 
925 1225 25 25 10 
950 1225 25 25 10 
975 1225 25 25 10 
1000 1225 25 25 10 
1000 1200 25 25 10 
500 1175 25 25 10 
525 1175 25 25 10 
550 1175 25 25 10 
550 1200 25 25 10 
575 1200 25 25 10 
600 1200 25 25 10 
600 1225 25 25 10 
625 1225 25 25 10 
650 1225 25 25 10 
675 1225 25 25 10 
700 1250 25 25 10 
725 1250 25 25 10 
750 1250 25 25 10 
775 1250 25 25 10 
800 1250 25 25 10 
825 1250 25 25 10 
975 1250 25 25 10 
1000 1250 25 25 10 
1025 1250 25 25 10 
1025 1225 25 25 10 
1050 1225 25 25 10 
1050 1200 25 25 10 
1050 1175 25 25 10 
1075 1175 25 25 10 
1075 1150 25 25 10 
1025 1200 25 25 10 
950 1250 25 25 10 
925 1250 25 25 10 
900 1250 25 25 10 
875 1250 25 25 10 
850 1250 25 25 10 
725 1225 25 25 10 
700 1225 25 25 10 
625 1200 25 25 10 
675 1250 25 25 10 
650 1250 25 25 10 
725 1275 25 25 10 
750 1275 25 25 10 
775 1275 25 25 10 
800 1275 25 25 10 
825 1275 25 25 10 
850 1275 25 25 10 
875 1275 25 25 10 
900 1275 25 25 10 
925 1275 25 25 10 
950 1275 25 25 10 
975 1275 25 25 10 
1000 1275 25 25 10 
1025 1275 25 25 10 
1275 925 25 25 10 
1300 925 25 25 10 
1350 900 25 25 10 
1375 900 25 25 10 
1400 900 25 25 10 
1425 900 25 25 10 
1450 900 25 25 10 
1475 900 25 25 10 
1500 900 25 25 10 
1525 900 25 25 10 
1550 900 25 25 10 
1575 900 25 25 10 
1600 875 25 25 10 
1625 875 25 25 10 
1650 875 25 25 10 
1675 875 25 25 10 
1700 875 25 25 10 
1700 850 25 25 10 
1725 850 25 25 10 
1750 850 25 25 10 
1775 850 25 25 10 
1800 850 25 25 10 
1825 850 25 25 10 
1850 850 25 25 10 
2475 1050 25 25 10 
2500 1050 25 25 10 
2525 1050 25 25 10 
1725 875 25 25 10 
1750 875 25 25 10 
1775 875 25 25 10 
1800 875 25 25 10 
1825 875 25 25 10 
1850 875 25 25 10 
1875 875 25 25 10 
1050 1250 25 25 10 
1075 1200 25 25 10 
1075 1225 25 25 10 
1100 1125 25 25 10 
1100 1150 25 25 10 
1100 1175 25 25 10 
1100 1200 25 25 10 
1125 1125 25 25 10 
1125 1150 25 25 10 
1125 1175 25 25 10 
1150 1100 25 25 10 
1150 1125 25 25 10 
1175 1075 25 25 10 
1175 1100 25 25 10 
1200 1025 25 25 10 
1200 1050 25 25 10 
1200 1075 25 25 10 
1225 1000 25 25 10 
1225 1025 25 25 10 
1225 1050 25 25 10 
1250 975 25 25 10 
1250 1000 25 25 10 
1250 1025 25 25 10 
1275 1000 25 25 10 
1275 975 25 25 10 
1300 975 25 25 10 
1300 950 25 25 10 
1325 950 25 25 10 
1325 925 25 25 10 
1350 925 25 25 10 
1275 950 25 25 10 
1375 925 25 25 10 
1400 925 25 25 10 
1425 925 25 25 10 
1450 925 25 25 10 
1475 925 25 25 10 
1500 925 25 25 10 
1600 900 25 25 10 
1525 925 25 25 10 
1550 925 25 25 10 
1575 925 25 25 10 
1600 925 25 25 10 
1625 925 25 25 10 
1625 900 25 25 10 
1650 900 25 25 10 
1675 900 25 25 10 
1700 900 25 25 10 
1725 900 25 25 10 
1750 900 25 25 10 
1925 900 25 25 10 
1975 925 25 25 10 
2000 950 25 25 10 
2025 950 25 25 10 
2025 975 25 25 10 
2050 975 25 25 10 
2075 975 25 25 10 
2100 1000 25 25 10 
2125 1000 25 25 10 
2150 1025 25 25 10 
2175 1025 25 25 10 
2200 1050 25 25 10 
2225 1050 25 25 10 
2275 1075 25 25 10 
2300 1075 25 25 10 
2325 1075 25 25 10 
2350 1075 25 25 10 
2375 1075 25 25 10 
2400 1075 25 25 10 
2425 1075 25 25 10 
2525 1075 25 25 10 
2550 1075 25 25 10 
2475 1075 25 25 10 
2500 1075 25 25 10 
2450 1075 25 25 10 
2550 1050 25 25 10 
2575 1050 25 25 10 
2600 1050 25 25 10 
2625 1050 25 25 10 
2650 1050 25 25 10 
2675 1050 25 25 10 
2700 1075 25 25 10 
2675 1075 25 25 10 
2700 1050 25 25 10 
2725 1050 25 25 10 
2750 1050 25 25 10 
2800 1050 25 25 10 
2775 1050 25 25 10 
2750 1075 25 25 10 
2725 1075 25 25 10 
2775 1075 25 25 10 
2800 1075 25 25 10 
2650 1075 25 25 10 
2625 1075 25 25 10 
2600 1075 25 25 10 
2575 1075 25 25 10 
-1200 1150 25 25 10 
-1200 1175 25 25 10 
-1175 1175 25 25 10 
-1150 1175 25 25 10 
-1125 1175 25 25 10 
-1100 1175 25 25 10 
-1075 1175 25 25 10 
-1050 1175 25 25 10 
-1025 1175 25 25 10 
-1000 1175 25 25 10 
-975 1175 25 25 10 
-975 1150 25 25 10 
-950 1150 25 25 10 
-925 1150 25 25 10 
-900 1150 25 25 10 
-875 1150 25 25 10 
-850 1150 25 25 10 
-1000 1150 25 25 10 
-1025 1150 25 25 10 
-1050 1150 25 25 10 
-1075 1150 25 25 10 
-1100 1150 25 25 10 
-1150 1150 25 25 10 
-1175 1150 25 25 10 
-1125 1150 25 25 10 
-825 1150 25 25 10 
-800 1150 25 25 10 
-750 1150 25 25 10 
-475 1150 25 25 10 
-450 1150 25 25 10 
-500 1150 25 25 10 
-600 1150 25 25 10 
-625 1150 25 25 10 
-650 1150 25 25 10 
-675 1150 25 25 10 
-700 1150 25 25 10 
-725 1150 25 25 10 
-775 1150 25 25 10 
-575 1150 25 25 10 
-550 1150 25 25 10 
-525 1150 25 25 10 
-425 1150 25 25 10 
-400 1150 25 25 10 
-375 1150 25 25 10 
-350 1150 25 25 10 
-325 1150 25 25 10 
-300 1150 25 25 10 
-275 1150 25 25 10 
-250 1150 25 25 10 
-225 1150 25 25 10 
-200 1150 25 25 10 
-100 1150 25 25 10 
-125 1150 25 25 10 
-150 1150 25 25 10 
-175 1150 25 25 10 
-75 1150 25 25 10 
-50 1150 25 25 10 
-25 1150 25 25 10 
0 1150 25 25 10 
25 1150 25 25 10 
50 1150 25 25 10 
75 1150 25 25 10 
100 1150 25 25 10 
125 1150 25 25 10 
150 1150 25 25 10 
175 1150 25 25 10 
200 1150 25 25 10 
225 1150 25 25 10 
250 1150 25 25 10 
275 1150 25 25 10 
300 1150 25 25 10 
325 1150 25 25 10 
350 1150 25 25 10 
375 1150 25 25 10 
400 1150 25 25 10 
425 1150 25 25 10 
-1375 1025 25 25 10 
-1350 1050 25 25 10 
-1300 1075 25 25 10 
-1275 1075 25 25 10 
-1250 1100 25 25 10 
-1250 1125 25 25 10 
-1225 1125 25 25 10 
-1350 1075 25 25 10 
-1325 1075 25 25 10 
-1300 1100 25 25 10 
-1275 1100 25 25 10 
-1250 1150 25 25 10 
-1225 1150 25 25 10 
-1225 1175 25 25 10 
-1250 1175 25 25 10 
-1275 1150 25 25 10 
-1275 1125 25 25 10 
-1325 1100 25 25 10 
-1325 1125 25 25 10 
-1300 1125 25 25 10 
-1400 975 25 25 10 
-1425 975 25 25 10 
-1425 1000 25 25 10 
-1400 1000 25 25 10 
-1400 1025 25 25 10 
-1375 1050 25 25 10 
-1375 1075 25 25 10 
-1350 1100 25 25 10 
-1350 1125 25 25 10 
-1325 1150 25 25 10 
-1300 1150 25 25 10 
-1300 1175 25 25 10 
-1275 1175 25 25 10 
-1375 850 25 25 0 
-1375 825 25 25 0 
-1375 800 25 25 0 
-1400 800 25 25 0 
-1400 775 25 25 0 
-1400 750 25 25 0 
-1400 725 25 25 0 
-1400 700 25 25 0 
-1400 675 25 25 0 
-1400 650 25 25 0 
-1400 625 25 25 0 
-1400 600 25 25 0 
-1400 575 25 25 0 
-1400 550 25 25 0 
-1400 525 25 25 0 
-1425 550 25 25 0 
-1425 525 25 25 0 
-1425 500 25 25 0 
-1425 475 25 25 0 
-1425 450 25 25 0 
-1450 450 25 25 0 
-1475 450 25 25 0 
-1475 425 25 25 0 
-1500 425 25 25 0 
-1500 400 25 25 0 
-1525 400 25 25 0 
-1525 375 25 25 0 
-1550 375 25 25 0 
2775 900 25 25 0 
2775 875 25 25 0 
2800 875 25 25 0 
2800 850 25 25 0 
2800 825 25 25 0 
2800 800 25 25 0 
2825 800 25 25 0 
2825 775 25 25 0 
2825 750 25 25 0 
2850 750 25 25 0 
2850 725 25 25 0 
2850 700 25 25 0 
2850 675 25 25 0 
2850 650 25 25 0 
2875 575 25 25 0 
2875 425 25 25 0 
2875 450 25 25 0 
2875 475 25 25 0 
2875 550 25 25 0 
2875 500 25 25 0 
2875 525 25 25 0 
2875 650 25 25 0 
2875 625 25 25 0 
2875 600 25 25 0 
2850 425 25 25 0 
2850 400 25 25 0 
2850 375 25 25 0 
2750 250 25 25 0 
2850 350 25 25 0 
2850 325 25 25 0 
2850 300 25 25 0 
2875 300 25 25 0 
2900 300 25 25 0 
2900 325 25 25 0 
2925 325 25 25 0 
2925 350 25 25 0 
2925 375 25 25 0 
2950 375 25 25 0 
2950 400 25 25 0 
2950 425 25 25 0 
2950 450 25 25 0 
2950 475 25 25 0 
2950 500 25 25 0 
2950 525 25 25 0 
2975 525 25 25 0 
2975 550 25 25 0 
2975 575 25 25 0 
2975 600 25 25 0 
2975 625 25 25 0 
2950 625 25 25 0 
2950 650 25 25 0 
2950 675 25 25 0 
2950 700 25 25 0 
2950 725 25 25 0 
2950 750 25 25 0 
2950 775 25 25 0 
2950 800 25 25 0 
2950 825 25 25 0 
2925 825 25 25 0 
2925 850 25 25 0 
2925 875 25 25 0 
2925 900 25 25 0 
2900 900 25 25 0 
2900 925 25 25 0 
2900 950 25 25 0 
2875 950 25 25 0 
2850 950 25 25 0 
2825 950 25 25 0 
2800 950 25 25 0 
2800 975 25 25 0 
2775 975 25 25 0 
2725 975 25 25 0 
2700 975 25 25 0 
2700 950 25 25 0 
2675 950 25 25 0 
2675 925 25 25 0 
525 925 25 25 6 
550 925 25 25 6 
575 925 25 25 6 
575 950 25 25 6 
575 975 25 25 6 
600 950 25 25 6 
600 975 25 25 6 
525 950 25 25 6 
500 950 25 25 6 
500 975 25 25 6 
-50 950 25 25 6 
-25 950 25 25 6 
-25 925 25 25 6 
50 950 25 25 6 
50 925 25 25 6 
25 925 25 25 6 
0 925 25 25 6 
-425 950 25 25 6 
-425 925 25 25 6 
-425 900 25 25 6 
-425 875 25 25 6 
-400 950 25 25 6 
-400 925 25 25 6 
-400 900 25 25 6 
-575 850 25 25 6 
-500 850 25 25 6 
-475 850 25 25 6 
-450 875 25 25 6 
-475 875 25 25 6 
-450 900 25 25 6 
-450 850 25 25 6 
-550 850 25 25 6 
-525 850 25 25 6 
-525 825 25 25 6 
-500 825 25 25 6 
-475 825 25 25 6 
-550 825 25 25 6 
-575 825 25 25 6 
-600 875 25 25 6 
-600 850 25 25 6 
-625 875 25 25 6 
-625 900 25 25 6 
-575 875 25 25 6 
-575 900 25 25 6 
-600 900 25 25 6 
-550 950 25 25 6 
-575 925 25 25 6 
-575 950 25 25 6 
-600 925 25 25 6 