-50 0 25 25 6 
-50 25 25 25 6 
-50 50 25 25 6 
-50 75 25 25 6 
-50 100 25 25 6 
-50 125 25 25 6 
-50 150 25 25 6 
-50 175 25 25 6 
-50 200 25 25 6 
-50 225 25 25 6 
-50 250 25 25 6 
-50 275 25 25 6 
-50 300 25 25 6 
-50 325 25 25 6 
-50 350 25 25 6 
75 0 25 25 6 
75 25 25 25 6 
75 50 25 25 6 
75 75 25 25 6 
75 100 25 25 6 
75 125 25 25 6 
75 150 25 25 6 
75 175 25 25 6 
75 200 25 25 6 
75 225 25 25 6 
75 250 25 25 6 
75 275 25 25 6 
75 300 25 25 6 
75 325 25 25 6 
75 350 25 25 6 
75 375 25 25 6 
-50 375 25 25 6 
-50 400 25 25 6 
-50 425 25 25 6 
-50 450 25 25 6 
-50 475 25 25 6 
-50 500 25 25 6 
-50 525 25 25 6 
-50 550 25 25 6 
-50 575 25 25 6 
-50 600 25 25 6 
-50 625 25 25 6 
-50 650 25 25 6 
75 400 25 25 6 
75 425 25 25 6 
75 450 25 25 6 
75 475 25 25 6 
75 500 25 25 6 
75 525 25 25 6 
75 550 25 25 6 
75 575 25 25 6 
75 650 25 25 6 
75 675 25 25 6 
75 625 25 25 6 
75 600 25 25 6 
75 -50 25 25 6 
75 -75 25 25 6 
75 -25 25 25 6 
75 -100 25 25 6 
75 -125 25 25 6 
75 -150 25 25 6 
75 -175 25 25 6 
75 -200 25 25 6 
-50 -25 25 25 6 
-50 -50 25 25 6 
-50 -75 25 25 6 
-50 -100 25 25 6 
-50 -125 25 25 6 
-50 -150 25 25 6 
-50 -175 25 25 6 
-50 -200 25 25 6 
100 675 25 25 6 
125 675 25 25 6 
125 700 25 25 6 
150 700 25 25 6 
-50 675 25 25 6 
-75 675 25 25 6 
-100 675 25 25 6 
-125 675 25 25 6 
-150 675 25 25 6 
-150 700 25 25 6 
-175 700 25 25 6 
-200 700 25 25 6 
-225 700 25 25 6 
-225 725 25 25 6 
-250 725 25 25 6 
-250 750 25 25 6 
-275 750 25 25 6 
-125 1375 25 25 6 
-100 1375 25 25 6 
-75 1375 25 25 6 
-50 1375 25 25 6 
-25 1375 25 25 6 
0 1375 25 25 6 
100 1375 25 25 6 
25 1375 25 25 6 
50 1375 25 25 6 
75 1375 25 25 6 
450 850 25 25 6 
450 825 25 25 6 
425 825 25 25 6 
400 825 25 25 6 
375 825 25 25 6 
350 825 25 25 6 
350 800 25 25 6 
325 800 25 25 6 
325 775 25 25 6 
300 775 25 25 6 
275 775 25 25 6 
250 775 25 25 6 
225 775 25 25 6 
225 750 25 25 6 
200 750 25 25 6 
200 725 25 25 6 
175 725 25 25 6 
175 700 25 25 6 
-375 825 25 25 6 
-400 825 25 25 6 
-425 825 25 25 6 
-425 850 25 25 6 
-450 850 25 25 6 
-475 875 25 25 6 
-475 900 25 25 6 
-500 900 25 25 6 
-500 925 25 25 6 
-350 800 25 25 6 
-350 775 25 25 6 
-325 775 25 25 6 
-300 775 25 25 6 
-300 750 25 25 6 
-375 800 25 25 6 
-425 1350 25 25 6 
-300 1375 25 25 6 
-275 1375 25 25 6 
-250 1375 25 25 6 
-225 1375 25 25 6 
-200 1375 25 25 6 
-175 1375 25 25 6 
-150 1375 25 25 6 
125 1375 25 25 6 
150 1375 25 25 6 
175 1375 25 25 6 
200 1375 25 25 6 
225 1375 25 25 6 
250 1375 25 25 6 
275 1375 25 25 6 
300 1375 25 25 6 
325 1375 25 25 6 
350 1375 25 25 6 
375 1375 25 25 6 
-400 1375 25 25 6 
-375 1375 25 25 6 
-350 1375 25 25 6 
-325 1375 25 25 6 
-450 1350 25 25 6 
-425 1375 25 25 6 
475 850 25 25 6 
475 875 25 25 6 
475 900 25 25 6 
475 925 25 25 6 
475 950 25 25 6 
450 975 25 25 6 
450 950 25 25 6 
450 1000 25 25 6 
450 1025 25 25 6 
450 1050 25 25 6 
450 1075 25 25 6 
450 1100 25 25 6 
425 1100 25 25 6 
425 1125 25 25 6 
425 1150 25 25 6 
425 1175 25 25 6 
425 1200 25 25 6 
425 1225 25 25 6 
425 1250 25 25 6 
425 1275 25 25 6 
425 1300 25 25 6 
425 1325 25 25 6 
425 1350 25 25 6 
400 1350 25 25 6 
375 1350 25 25 6 
-500 975 25 25 6 
-500 1000 25 25 6 
-500 1025 25 25 6 
-475 1150 25 25 6 
-475 1175 25 25 6 
-450 1175 25 25 6 
-450 1200 25 25 6 
-450 1225 25 25 6 
-450 1250 25 25 6 
-450 1275 25 25 6 
-450 1300 25 25 6 
-450 1325 25 25 6 
-500 1050 25 25 6 
-475 1125 25 25 6 
-475 1100 25 25 6 
-475 1075 25 25 6 
-475 1050 25 25 6 
-500 950 25 25 6 