0 350 25 25 6 
-25 350 25 25 6 
-50 350 25 25 6 
-75 350 25 25 6 
25 350 25 25 6 
50 350 25 25 6 
75 350 25 25 6 
100 350 25 25 6 
100 175 25 25 6 
75 175 25 25 6 
75 125 25 25 6 
100 125 25 25 6 
100 150 25 25 6 
125 150 25 25 6 
125 175 25 25 6 
150 175 25 25 6 
125 350 25 25 6 
150 350 25 25 6 
75 150 25 25 6 
100 75 25 25 6 
125 100 25 25 6 
125 125 25 25 6 
100 100 25 25 6 
175 350 25 25 6 
-575 375 25 25 7 
-600 375 25 25 7 
-625 375 25 25 7 
-650 375 25 25 7 
-675 375 25 25 7 
-700 375 25 25 7 
-700 400 25 25 7 
-725 400 25 25 7 
-750 400 25 25 7 
-775 400 25 25 7 
-800 400 25 25 7 
-825 400 25 25 7 
-850 400 25 25 7 
-875 400 25 25 7 
-900 400 25 25 7 
-925 400 25 25 7 
-950 400 25 25 7 
-975 400 25 25 7 
-1000 400 25 25 7 
-1025 400 25 25 7 
-1025 425 25 25 7 
-1050 425 25 25 7 
-1075 425 25 25 7 
-1100 425 25 25 7 
-1125 425 25 25 7 
-1150 425 25 25 7 
-1175 425 25 25 7 
-1200 425 25 25 7 
-1225 425 25 25 7 
-1250 425 25 25 7 
-1275 425 25 25 7 
-1300 425 25 25 7 
-1325 425 25 25 7 
-1325 450 25 25 7 
-1350 450 25 25 7 
-1375 450 25 25 7 
-1400 450 25 25 7 
-1425 450 25 25 7 
-1450 450 25 25 7 
-1475 450 25 25 7 
-1500 450 25 25 7 
-1525 450 25 25 7 
-1550 450 25 25 7 
-1575 450 25 25 7 
-1600 450 25 25 7 
-1625 450 25 25 7 
-1625 475 25 25 7 
-1650 475 25 25 7 
-1675 475 25 25 7 
-1700 475 25 25 7 
-1725 475 25 25 7 
-1750 475 25 25 7 
-1775 475 25 25 7 
-1800 475 25 25 7 
-1825 475 25 25 7 
-1850 475 25 25 7 
-1875 475 25 25 7 
-1900 475 25 25 7 
-1925 475 25 25 7 
-1925 500 25 25 7 
-1950 500 25 25 7 
-1975 500 25 25 7 
-2000 500 25 25 7 
-2025 500 25 25 7 
-2050 500 25 25 7 
-2075 500 25 25 7 
-2100 500 25 25 7 
-2125 500 25 25 7 
-2150 500 25 25 7 
-2175 500 25 25 7 
-2200 500 25 25 7 
-2225 500 25 25 7 
-2225 525 25 25 7 
-2250 525 25 25 7 
-2275 525 25 25 7 
-2300 525 25 25 7 
-2325 525 25 25 7 
-2350 525 25 25 7 
-2375 525 25 25 7 
-2400 525 25 25 7 
-2425 525 25 25 7 
-2450 525 25 25 7 
-2450 550 25 25 9 
-2425 550 25 25 9 
-2400 550 25 25 9 
-2375 550 25 25 9 
-2350 550 25 25 9 
-2325 550 25 25 9 
-2300 550 25 25 9 
-2275 550 25 25 9 
-2250 550 25 25 9 
-2225 550 25 25 9 
-2200 525 25 25 9 
-2175 525 25 25 9 
-2150 525 25 25 9 
-2125 525 25 25 9 
-2100 525 25 25 9 
-2075 525 25 25 9 
-2050 525 25 25 9 
-2025 525 25 25 9 
-2000 525 25 25 9 
-1975 525 25 25 9 
-1950 525 25 25 9 
-1925 525 25 25 9 
-1900 525 25 25 9 
-1900 500 25 25 9 
-1875 500 25 25 9 
-1850 500 25 25 9 
-1825 500 25 25 9 
-1750 525 25 25 9 
-1725 525 25 25 9 
-1700 525 25 25 9 
-1675 525 25 25 9 
-1650 525 25 25 9 
-1625 525 25 25 9 
-1575 500 25 25 9 
-1600 500 25 25 9 
-1650 500 25 25 9 
-1675 500 25 25 9 
-1700 500 25 25 9 
-1725 500 25 25 9 
-1750 500 25 25 9 
-1775 500 25 25 9 
-1800 500 25 25 9 
-1625 500 25 25 9 
-1600 475 25 25 9 
-1575 475 25 25 9 
-1550 475 25 25 9 
-1500 475 25 25 9 
-1475 475 25 25 9 
-1450 475 25 25 9 
-1425 475 25 25 9 
-1400 475 25 25 9 
-1375 475 25 25 9 
-1350 475 25 25 9 
-1325 475 25 25 9 
-1300 475 25 25 9 
-1525 475 25 25 9 
-1450 500 25 25 9 
-1425 500 25 25 9 
-1300 450 25 25 9 
-1275 450 25 25 9 
-1250 450 25 25 9 
-1225 450 25 25 9 
-1200 450 25 25 9 
-1150 450 25 25 9 
-1125 450 25 25 9 
-1100 450 25 25 9 
-1075 450 25 25 9 
-1050 450 25 25 9 
-1025 450 25 25 9 
-1000 450 25 25 9 
-1175 450 25 25 9 
-1000 425 25 25 9 
-975 425 25 25 9 
-950 425 25 25 9 
-925 425 25 25 9 
-900 425 25 25 9 
-875 425 25 25 9 
-850 425 25 25 9 
-825 425 25 25 9 
-800 425 25 25 9 
-775 425 25 25 9 
-750 425 25 25 9 
-725 425 25 25 9 
-700 425 25 25 9 
-675 425 25 25 9 
-650 425 25 25 9 
-625 425 25 25 9 
-600 425 25 25 9 
-575 425 25 25 9 
-575 400 25 25 9 
-550 400 25 25 9 
-550 425 25 25 9 
-525 425 25 25 9 
-600 400 25 25 9 
-625 400 25 25 9 
-650 400 25 25 9 
-675 400 25 25 9 
-1275 475 25 25 9 
-1250 475 25 25 9 
-1225 475 25 25 9 
-1200 475 25 25 9 
-1175 475 25 25 9 
-1150 475 25 25 9 
-1125 475 25 25 9 
-1100 475 25 25 9 
-1075 475 25 25 9 
-1050 475 25 25 9 
-1025 475 25 25 9 
-525 450 25 25 9 
-550 450 25 25 9 
-575 450 25 25 9 
-600 450 25 25 9 
-625 450 25 25 9 
-650 450 25 25 9 
-675 450 25 25 9 
-750 450 25 25 9 
-775 450 25 25 9 
-800 450 25 25 9 
-900 450 25 25 9 
-925 450 25 25 9 
-700 450 25 25 9 
-725 450 25 25 9 
-525 475 25 25 9 
-550 475 25 25 9 
-1875 525 25 25 9 
-1850 525 25 25 9 
-1825 525 25 25 9 
-1800 525 25 25 9 
-1775 525 25 25 9 
-1950 550 25 25 9 
-2200 550 25 25 9 
-2175 550 25 25 9 
-2150 550 25 25 9 
-2125 550 25 25 9 
-2100 550 25 25 9 
-2075 550 25 25 9 
-2050 550 25 25 9 
-2025 550 25 25 9 
-2000 550 25 25 9 
-1975 550 25 25 9 
175 425 25 25 6 
200 375 25 25 6 
-525 500 25 25 9 
-550 500 25 25 9 
-550 525 25 25 9 
-525 525 25 25 9 
-575 525 25 25 9 
125 75 25 25 6 
150 75 25 25 6 
-75 450 25 25 6 
-50 450 25 25 6 
-25 450 25 25 6 
50 450 25 25 6 
25 450 25 25 6 
0 450 25 25 6 
75 450 25 25 6 
100 450 25 25 6 
-150 225 25 25 6 
-150 200 25 25 6 
-150 175 25 25 6 
-150 150 25 25 6 
-175 200 25 25 6 
-200 200 25 25 6 
-225 225 25 25 6 
-225 200 25 25 6 
-200 175 25 25 6 
-175 175 25 25 6 
-175 150 25 25 6 
-175 125 25 25 6 
-200 125 25 25 6 
-200 150 25 25 6 
-100 450 25 25 6 
-125 450 25 25 6 
-150 125 25 25 6 
350 350 25 25 6 
350 325 25 25 6 
350 300 25 25 6 
350 275 25 25 6 
200 75 25 25 6 
300 225 25 25 6 
325 225 25 25 6 
325 250 25 25 6 
325 275 25 25 6 
300 250 25 25 6 
175 75 25 25 6 
125 450 25 25 6 
150 450 25 25 6 
200 400 25 25 6 
-175 100 25 25 6 
-150 100 25 25 6 
-150 75 25 25 6 
-125 250 25 25 6 
-125 225 25 25 6 
-125 200 25 25 6 
-100 225 25 25 6 
-100 250 25 25 6 
-100 275 25 25 6 
-100 300 25 25 6 
-75 325 25 25 6 
-75 300 25 25 6 
350 375 25 25 6 
350 400 25 25 6 
350 425 25 25 6 
350 450 25 25 6 
325 450 25 25 6 
325 475 25 25 6 
325 500 25 25 6 
325 525 25 25 6 
325 550 25 25 6 
300 550 25 25 6 
300 575 25 25 6 
275 600 25 25 6 
250 600 25 25 6 
225 600 25 25 6 
200 600 25 25 6 
150 625 25 25 6 
125 625 25 25 6 
100 625 25 25 6 
75 625 25 25 6 
50 625 25 25 6 
25 625 25 25 6 
-25 625 25 25 6 
-50 625 25 25 6 
-75 625 25 25 6 
0 625 25 25 6 
-100 625 25 25 6 
-125 625 25 25 6 
-150 625 25 25 6 
-175 625 25 25 6 
-200 625 25 25 6 
-225 625 25 25 6 
-250 625 25 25 6 
-275 625 25 25 6 
-300 625 25 25 6 
-325 625 25 25 6 
-350 625 25 25 6 
-375 600 25 25 6 
-450 525 25 25 6 
-425 525 25 25 6 
-425 550 25 25 6 
-400 550 25 25 6 
-400 575 25 25 6 
-400 600 25 25 6 
-400 625 25 25 6 
-375 625 25 25 6 
-425 575 25 25 6 
-450 550 25 25 6 
-475 525 25 25 6 
-450 500 25 25 6 
-475 500 25 25 6 
-475 475 25 25 6 
-500 450 25 25 6 
-500 475 25 25 6 
-500 500 25 25 6 
-325 350 25 25 6 
-325 375 25 25 6 
-325 400 25 25 6 
-300 425 25 25 6 
-300 450 25 25 6 
-300 400 25 25 6 
-300 375 25 25 6 
-350 650 25 25 6 
-325 650 25 25 6 
-300 650 25 25 6 
-275 650 25 25 6 
-250 650 25 25 6 
-225 650 25 25 6 
-200 650 25 25 6 
-175 650 25 25 6 
-150 650 25 25 6 
-125 650 25 25 6 
-100 650 25 25 6 
-75 650 25 25 6 
-50 650 25 25 6 
-25 650 25 25 6 
0 650 25 25 6 
25 650 25 25 6 
50 650 25 25 6 
75 650 25 25 6 
100 650 25 25 6 
125 650 25 25 6 
150 650 25 25 6 
200 625 25 25 6 
175 625 25 25 6 
225 625 25 25 6 
350 475 25 25 6 
-350 350 25 25 6 
-350 375 25 25 6 
-350 325 25 25 6 
-325 325 25 25 6 
-250 225 25 25 6 
-275 250 25 25 6 
-300 250 25 25 6 
-300 275 25 25 6 
-325 300 25 25 6 
-150 475 25 25 6 
-275 475 25 25 6 
-250 475 25 25 6 
-225 475 25 25 6 
-200 475 25 25 6 
-175 475 25 25 6 
-150 450 25 25 6 
-175 450 25 25 6 
-200 450 25 25 6 
-275 450 25 25 6 
-275 425 25 25 6 
175 450 25 25 6 
200 425 25 25 6 
225 375 25 25 6 
225 400 25 25 6 
225 425 25 25 6 
175 175 25 25 6 
200 175 25 25 6 
225 175 25 25 6 
250 175 25 25 6 
275 175 25 25 6 
275 200 25 25 6 
300 200 25 25 6 