-225 200 25 25 5 
-200 200 25 25 5 
-175 200 25 25 5 
-150 200 25 25 5 
-125 200 25 25 5 
-100 200 25 25 5 
-75 200 25 25 5 
-50 200 25 25 5 
-25 200 25 25 5 
50 200 25 25 5 
75 200 25 25 5 
100 200 25 25 5 
125 200 25 25 5 
150 200 25 25 5 
150 225 25 25 5 
175 225 25 25 5 
200 225 25 25 5 
225 225 25 25 5 
-250 225 25 25 5 
-250 200 25 25 5 
-275 200 25 25 5 
-275 225 25 25 5 
-325 225 25 25 5 
-350 225 25 25 5 
-375 225 25 25 5 
-400 225 25 25 5 
-450 225 25 25 5 
-475 225 25 25 5 
-475 250 25 25 5 
-500 250 25 25 5 
-525 250 25 25 5 
-550 250 25 25 5 
-575 250 25 25 5 
-600 250 25 25 5 
-625 250 25 25 5 
-650 250 25 25 5 
-675 250 25 25 5 
-675 275 25 25 5 
-700 275 25 25 5 
-725 275 25 25 5 
-725 300 25 25 5 
-750 300 25 25 5 
-775 300 25 25 5 
-800 300 25 25 5 
-825 300 25 25 5 
-850 300 25 25 5 
-875 300 25 25 5 
-900 300 25 25 5 
-950 350 25 25 5 
-975 350 25 25 5 
-1000 350 25 25 5 
-1025 350 25 25 5 
175 250 25 25 5 
200 250 25 25 5 
225 250 25 25 5 
325 275 25 25 5 
350 275 25 25 5 
350 300 25 25 5 
375 300 25 25 5 
400 300 25 25 5 
425 300 25 25 5 
450 300 25 25 5 
475 300 25 25 5 
500 300 25 25 5 
500 325 25 25 5 
525 325 25 25 5 
550 325 25 25 5 
575 350 25 25 5 
600 350 25 25 5 
625 350 25 25 5 
650 350 25 25 5 
675 350 25 25 5 
700 350 25 25 5 
25 200 25 25 5 
775 350 25 25 5 
725 350 25 25 5 
750 350 25 25 5 
800 350 25 25 5 
825 350 25 25 5 
850 350 25 25 5 
875 350 25 25 5 
900 350 25 25 5 
925 350 25 25 5 
950 350 25 25 5 
975 350 25 25 5 
1000 350 25 25 5 
1025 350 25 25 5 
1050 350 25 25 5 
-1050 375 25 25 5 
-1075 375 25 25 5 
-1100 375 25 25 5 
-1125 375 25 25 5 
-1150 375 25 25 5 
-1175 375 25 25 5 
-1200 400 25 25 5 
-1225 400 25 25 5 
-1250 400 25 25 5 
-1250 425 25 25 5 
-1275 425 25 25 5 
-1300 425 25 25 5 
-1325 425 25 25 5 
-1350 425 25 25 5 
-1375 425 25 25 5 
-1375 450 25 25 5 
-1400 450 25 25 5 
-1425 450 25 25 5 
-1450 450 25 25 5 
-1500 450 25 25 5 
-1525 450 25 25 5 
-1550 450 25 25 5 
-1550 475 25 25 5 
-1575 475 25 25 5 
-1625 475 25 25 5 
-1650 475 25 25 5 
-1675 475 25 25 5 
-1700 475 25 25 5 
-1725 475 25 25 5 
-1775 500 25 25 5 
-1800 500 25 25 5 
-1850 525 25 25 5 
-1850 550 25 25 5 
-1850 575 25 25 5 
-1850 600 25 25 5 
-1850 625 25 25 5 
-1850 650 25 25 5 
-1825 650 25 25 5 
-1800 650 25 25 5 
-1800 625 25 25 5 
-1800 600 25 25 5 
-1775 575 25 25 5 
-1775 550 25 25 5 
-1750 650 25 25 5 
-1725 650 25 25 5 
-1775 650 25 25 5 
-1700 650 25 25 5 
-1675 650 25 25 5 
-1650 650 25 25 5 
-1625 650 25 25 5 
-1600 650 25 25 5 
-1575 650 25 25 5 
-1550 650 25 25 5 
-1525 650 25 25 5 
-1500 650 25 25 5 
-1475 650 25 25 5 
-1450 650 25 25 5 
-1425 650 25 25 5 
-1400 650 25 25 5 
-1375 650 25 25 5 
-1350 650 25 25 5 
-1350 625 25 25 5 
-1350 600 25 25 5 
-1350 575 25 25 5 
-1350 550 25 25 5 
-1325 550 25 25 5 
-1325 575 25 25 5 
-1300 575 25 25 5 
-1300 600 25 25 5 
-1275 625 25 25 5 
-1275 650 25 25 5 
-1300 650 25 25 5 
-1300 625 25 25 5 
-1250 625 25 25 5 
-1325 625 25 25 5 
-1325 650 25 25 5 
-1325 600 25 25 5 
-1375 600 25 25 5 
-1375 575 25 25 5 
-1400 575 25 25 5 
-1425 575 25 25 5 
-1450 575 25 25 5 
-1500 600 25 25 5 
-1525 600 25 25 5 
-1550 600 25 25 5 
-1575 600 25 25 5 
-1600 600 25 25 5 
-1625 600 25 25 5 
-1650 600 25 25 5 
-1675 625 25 25 5 
-1700 625 25 25 5 
-1700 600 25 25 5 
-1725 600 25 25 5 
-1750 600 25 25 5 
-1775 600 25 25 5 
-1775 625 25 25 5 
-1825 625 25 25 5 
-1825 600 25 25 5 
-1825 550 25 25 5 
-1825 525 25 25 5 
-1800 525 25 25 5 
-1800 550 25 25 5 
-1750 625 25 25 5 
-1725 625 25 25 5 
-1750 575 25 25 5 
-1725 575 25 25 5 
-1725 550 25 25 5 
-1750 550 25 25 5 
-1725 525 25 25 5 
-1750 525 25 25 5 
-1775 525 25 25 5 
-1700 550 25 25 5 
-1700 575 25 25 5 
-1675 575 25 25 5 
-1675 600 25 25 5 
-1650 625 25 25 5 
-1625 625 25 25 5 
-1600 625 25 25 5 
-1575 625 25 25 5 
-1575 575 25 25 5 
-1575 550 25 25 5 
-1550 550 25 25 5 
-1550 525 25 25 5 
-1700 525 25 25 5 
-1675 525 25 25 5 
-1650 525 25 25 5 
-1675 500 25 25 5 
-1700 500 25 25 5 
-1725 500 25 25 5 
-1650 500 25 25 5 
-1625 500 25 25 5 
-1600 500 25 25 5 
-1575 500 25 25 5 
-1550 500 25 25 5 
-1525 500 25 25 5 
-1500 500 25 25 5 
-1575 525 25 25 5 
-1600 525 25 25 5 
-1650 550 25 25 5 
-1675 550 25 25 5 
-1600 550 25 25 5 
-1625 525 25 25 5 
-1600 575 25 25 5 
-1625 575 25 25 5 
-1550 575 25 25 5 
-1525 575 25 25 5 
-1500 575 25 25 5 
-1525 625 25 25 5 
-1550 625 25 25 5 
-1500 625 25 25 5 
-1475 625 25 25 5 
-1450 625 25 25 5 
-1425 625 25 25 5 
-1475 575 25 25 5 
-1500 550 25 25 5 
-1525 550 25 25 5 
-1525 525 25 25 5 
-1500 525 25 25 5 
-1475 525 25 25 5 
-1450 500 25 25 5 
-1475 500 25 25 5 
-1525 475 25 25 5 
-1425 500 25 25 5 
-1400 500 25 25 5 
-1375 500 25 25 5 
-1350 500 25 25 5 
-1325 500 25 25 5 
-1300 500 25 25 5 
-1300 475 25 25 5 
-1300 450 25 25 5 
-1350 450 25 25 5 
-1350 475 25 25 5 
-1375 475 25 25 5 
-1325 475 25 25 5 
-1400 475 25 25 5 
-1425 475 25 25 5 
-1450 475 25 25 5 
-1475 475 25 25 5 
-1500 475 25 25 5 
-1450 525 25 25 5 
-1425 550 25 25 5 
-1400 550 25 25 5 
-1375 550 25 25 5 
-1425 525 25 25 5 
-1450 550 25 25 5 
-1375 525 25 25 5 
-1400 525 25 25 5 
-1475 550 25 25 5 
-1325 525 25 25 5 
-1300 525 25 25 5 
-1275 525 25 25 5 
-1275 500 25 25 5 
-1425 600 25 25 5 
-1400 600 25 25 5 
-1400 625 25 25 5 
-1375 625 25 25 5 
-1275 575 25 25 5 
-1250 575 25 25 5 
-1225 575 25 25 5 
-1250 600 25 25 5 
-1225 600 25 25 5 
-1200 600 25 25 5 
-1200 575 25 25 5 
-1175 575 25 25 5 
-1250 475 25 25 5 
-1250 500 25 25 5 
-1250 525 25 25 5 
-1225 525 25 25 5 
-1225 550 25 25 5 
-1200 525 25 25 5 
-1250 550 25 25 5 
-1275 600 25 25 5 
-1225 625 25 25 5 
-1175 625 25 25 5 
-1175 600 25 25 5 
-1200 625 25 25 5 
-1150 625 25 25 5 
-1150 600 25 25 5 
-1125 600 25 25 5 
-1100 600 25 25 5 
-1075 600 25 25 5 
-1050 600 25 25 5 
-1075 625 25 25 5 
-1100 625 25 25 5 
-1125 625 25 25 5 
-1050 625 25 25 5 
-1075 575 25 25 5 
-1125 575 25 25 5 
-1150 575 25 25 5 
-1175 550 25 25 5 
-1200 550 25 25 5 
-1275 550 25 25 5 
-1100 575 25 25 5 
-1050 575 25 25 5 
-1300 550 25 25 5 
-1150 550 25 25 5 
-1050 550 25 25 5 
-1075 550 25 25 5 
-1100 550 25 25 5 
-1125 550 25 25 5 
-1050 525 25 25 5 
-1100 525 25 25 5 
-1125 525 25 25 5 
-1150 525 25 25 5 
-1175 525 25 25 5 
-1175 500 25 25 5 
-1150 500 25 25 5 
-1125 500 25 25 5 
-1100 500 25 25 5 
-1075 525 25 25 5 
-1075 500 25 25 5 
-1050 500 25 25 5 
-1100 475 25 25 5 
-1200 450 25 25 5 
-1250 450 25 25 5 
-1275 450 25 25 5 
-1150 450 25 25 5 
-1075 475 25 25 5 
-1125 475 25 25 5 
-1150 475 25 25 5 
-1275 475 25 25 5 
-1225 500 25 25 5 
-1175 475 25 25 5 
-1175 450 25 25 5 
-1225 450 25 25 5 
-1150 425 25 25 5 
-1175 425 25 25 5 
-1200 425 25 25 5 
-1225 425 25 25 5 
-1125 425 25 25 5 
-1100 425 25 25 5 
-1125 400 25 25 5 
-1150 400 25 25 5 
-1175 400 25 25 5 
-1100 400 25 25 5 
-1075 400 25 25 5 
-1075 425 25 25 5 
-1050 425 25 25 5 
-1050 450 25 25 5 
-1050 400 25 25 5 
-1025 400 25 25 5 
-1025 425 25 25 5 
-1050 475 25 25 5 
-1075 450 25 25 5 
-1025 450 25 25 5 
-1025 375 25 25 5 
-1000 400 25 25 5 
-1000 425 25 25 5 
-975 425 25 25 5 
-975 450 25 25 5 
-975 475 25 25 5 
-1000 475 25 25 5 
-1000 500 25 25 5 
-1025 500 25 25 5 
-1025 525 25 25 5 
-1025 475 25 25 5 
-1000 525 25 25 5 
-975 525 25 25 5 
-1000 575 25 25 5 
-1025 575 25 25 5 
-875 550 25 25 5 
-925 550 25 25 5 
-950 525 25 25 5 
-950 550 25 25 5 
-975 550 25 25 5 
-950 575 25 25 5 
-900 575 25 25 5 
-900 550 25 25 5 
-925 575 25 25 5 
-975 575 25 25 5 
-875 575 25 25 5 
-975 500 25 25 5 
-950 450 25 25 5 
-925 475 25 25 5 
-925 500 25 25 5 
-900 500 25 25 5 
-900 525 25 25 5 
-925 525 25 25 5 
-875 525 25 25 5 
-850 550 25 25 5 
-750 525 25 25 5 
-775 525 25 25 5 
-800 525 25 25 5 
-825 525 25 25 5 
-850 525 25 25 5 
-800 550 25 25 5 
-750 550 25 25 5 
-750 425 25 25 5 
-800 400 25 25 5 
-850 400 25 25 5 
-900 375 25 25 5 
-825 400 25 25 5 
-775 425 25 25 5 
-800 425 25 25 5 
-825 425 25 25 5 
-850 425 25 25 5 
-875 450 25 25 5 
-875 425 25 25 5 
-900 400 25 25 5 
-950 475 25 25 5 
-950 500 25 25 5 
-875 475 25 25 5 
-850 450 25 25 5 
-800 475 25 25 5 
-775 475 25 25 5 
-800 450 25 25 5 
-950 425 25 25 5 
-1000 450 25 25 5 
-1000 375 25 25 5 
-975 375 25 25 5 
-950 375 25 25 5 
-950 400 25 25 5 
-975 400 25 25 5 
-925 400 25 25 5 
-875 400 25 25 5 
-925 375 25 25 5 
-925 350 25 25 5 
-900 325 25 25 5 
-875 325 25 25 5 
-850 325 25 25 5 
-825 325 25 25 5 
-800 325 25 25 5 
-875 350 25 25 5 
-850 350 25 25 5 
-775 350 25 25 5 
-900 350 25 25 5 
-750 350 25 25 5 
-750 325 25 25 5 
-775 325 25 25 5 
-800 375 25 25 5 
-825 375 25 25 5 
-850 375 25 25 5 
-875 375 25 25 5 
-775 375 25 25 5 
-750 400 25 25 5 
-775 400 25 25 5 
-900 475 25 25 5 
-875 500 25 25 5 
-800 500 25 25 5 
-825 500 25 25 5 
-775 500 25 25 5 
-825 475 25 25 5 
-850 475 25 25 5 
-825 450 25 25 5 
-775 450 25 25 5 
-850 500 25 25 5 
-750 450 25 25 5 
-750 475 25 25 5 
-750 500 25 25 5 
-775 550 25 25 5 
-825 550 25 25 5 
-725 475 25 25 5 
-700 475 25 25 5 
-675 475 25 25 5 
-700 500 25 25 5 
-725 500 25 25 5 
-675 500 25 25 5 
-650 500 25 25 5 
-625 500 25 25 5 
-625 475 25 25 5 
-600 475 25 25 5 
-575 475 25 25 5 
-550 475 25 25 5 
-525 475 25 25 5 
-600 500 25 25 5 
-575 500 25 25 5 
-550 500 25 25 5 
-525 500 25 25 5 
-650 475 25 25 5 
-625 450 25 25 5 
-650 450 25 25 5 
-675 450 25 25 5 
-650 425 25 25 5 
-600 425 25 25 5 
-550 425 25 25 5 
-550 400 25 25 5 
-675 400 25 25 5 
-550 375 25 25 5 
-625 325 25 25 5 
-650 300 25 25 5 
-675 300 25 25 5 
-650 325 25 25 5 
-600 350 25 25 5 
-575 350 25 25 5 
-575 375 25 25 5 
-625 350 25 25 5 
-675 325 25 25 5 
-700 325 25 25 5 
-725 325 25 25 5 
-725 350 25 25 5 
-675 375 25 25 5 
-650 400 25 25 5 
-625 400 25 25 5 
-525 425 25 25 5 
-700 425 25 25 5 
-725 425 25 25 5 
-700 450 25 25 5 
-575 450 25 25 5 
-550 450 25 25 5 
-725 450 25 25 5 
-725 375 25 25 5 
-600 375 25 25 5 
-700 400 25 25 5 
-525 375 25 25 5 
-550 350 25 25 5 
-700 375 25 25 5 
-625 375 25 25 5 
-600 450 25 25 5 
-525 350 25 25 5 
-650 350 25 25 5 
-700 350 25 25 5 
-675 350 25 25 5 
-600 325 25 25 5 
-575 325 25 25 5 
-550 300 25 25 5 
-525 300 25 25 5 
-525 275 25 25 5 
-550 275 25 25 5 
-700 300 25 25 5 
-625 300 25 25 5 
-625 275 25 25 5 
-575 275 25 25 5 
-650 275 25 25 5 
-550 325 25 25 5 
-525 325 25 25 5 
-650 375 25 25 5 
-625 425 25 25 5 
-675 425 25 25 5 
-575 400 25 25 5 
-525 450 25 25 5 
-525 400 25 25 5 
-500 425 25 25 5 
-475 425 25 25 5 
-450 425 25 25 5 
-500 450 25 25 5 
-375 450 25 25 5 
-400 425 25 25 5 
-425 425 25 25 5 
-450 450 25 25 5 
-475 450 25 25 5 
-425 450 25 25 5 
-375 425 25 25 5 
-350 425 25 25 5 
-400 450 25 25 5 
-350 450 25 25 5 
-325 450 25 25 5 
-300 450 25 25 5 
-325 425 25 25 5 
-300 425 25 25 5 
-275 425 25 25 5 
-275 450 25 25 5 
-375 400 25 25 5 
-425 375 25 25 5 
-475 350 25 25 5 
-500 350 25 25 5 
-500 375 25 25 5 
-475 375 25 25 5 
-400 375 25 25 5 
-275 375 25 25 5 
-375 350 25 25 5 
-500 325 25 25 5 
-375 375 25 25 5 
-275 400 25 25 5 
-400 350 25 25 5 
-450 375 25 25 5 
-425 400 25 25 5 
-450 400 25 25 5 
-500 400 25 25 5 
-475 400 25 25 5 
-300 400 25 25 5 
-400 400 25 25 5 
-450 325 25 25 5 
-475 325 25 25 5 
-425 350 25 25 5 
-350 350 25 25 5 
-300 350 25 25 5 
-350 325 25 25 5 
-425 300 25 25 5 
-500 300 25 25 5 
-400 325 25 25 5 
-375 325 25 25 5 
-475 300 25 25 5 
-450 300 25 25 5 
-500 275 25 25 5 
-475 275 25 25 5 
-450 275 25 25 5 
-425 275 25 25 5 
-450 250 25 25 5 
-425 250 25 25 5 
-400 250 25 25 5 
-375 250 25 25 5 
-350 250 25 25 5 
-325 250 25 25 5 
-300 250 25 25 5 
-275 250 25 25 5 
-300 275 25 25 5 
-325 275 25 25 5 
-325 300 25 25 5 
-350 300 25 25 5 
-350 275 25 25 5 
-375 275 25 25 5 
-400 275 25 25 5 
-375 300 25 25 5 
-450 350 25 25 5 
-325 325 25 25 5 
-275 275 25 25 5 
-275 300 25 25 5 
-275 325 25 25 5 
-300 325 25 25 5 
-300 300 25 25 5 
-325 350 25 25 5 
-300 375 25 25 5 
-275 350 25 25 5 
-250 400 25 25 5 
-250 425 25 25 5 
-225 425 25 25 5 
-200 425 25 25 5 
-200 400 25 25 5 
-175 400 25 25 5 
-150 400 25 25 5 
-150 425 25 25 5 
-125 425 25 25 5 
-100 425 25 25 5 
-100 400 25 25 5 
-100 375 25 25 5 
-100 350 25 25 5 
1050 375 25 25 5 
1050 400 25 25 5 
1050 425 25 25 5 
1025 425 25 25 5 
1025 450 25 25 5 
1025 475 25 25 5 
1050 500 25 25 5 
1050 525 25 25 5 
1050 550 25 25 5 
1025 525 25 25 5 
1025 500 25 25 5 
1050 475 25 25 5 
1025 550 25 25 5 
1000 525 25 25 5 
975 525 25 25 5 
975 550 25 25 5 
950 550 25 25 5 
1000 550 25 25 5 
925 550 25 25 5 
875 550 25 25 5 
900 525 25 25 5 
925 525 25 25 5 
875 525 25 25 5 
825 525 25 25 5 
750 525 25 25 5 
675 525 25 25 5 
625 550 25 25 5 
600 550 25 25 5 
700 550 25 25 5 
725 525 25 25 5 
700 525 25 25 5 
625 525 25 25 5 
600 525 25 25 5 
550 525 25 25 5 
525 525 25 25 5 
500 525 25 25 5 
475 525 25 25 5 
575 525 25 25 5 
450 525 25 25 5 
425 550 25 25 5 
425 525 25 25 5 
425 500 25 25 5 
425 475 25 25 5 
425 450 25 25 5 
400 450 25 25 5 
400 425 25 25 5 
375 425 25 25 5 
375 450 25 25 5 
350 475 25 25 5 
475 500 25 25 5 
450 500 25 25 5 
450 475 25 25 5 
400 475 25 25 5 
475 450 25 25 5 
450 425 25 25 5 
450 400 25 25 5 
475 375 25 25 5 
475 350 25 25 5 
450 350 25 25 5 
425 350 25 25 5 
375 375 25 25 5 
350 375 25 25 5 
325 400 25 25 5 
325 425 25 25 5 
300 400 25 25 5 
300 375 25 25 5 
275 375 25 25 5 
250 375 25 25 5 
225 375 25 25 5 
225 350 25 25 5 
200 350 25 25 5 
175 350 25 25 5 
175 325 25 25 5 
150 350 25 25 5 
125 350 25 25 5 
100 375 25 25 5 
75 350 25 25 5 
75 375 25 25 5 
75 325 25 25 5 
75 300 25 25 5 
75 275 25 25 5 
75 250 25 25 5 
75 225 25 25 5 
50 225 25 25 5 
50 250 25 25 5 
25 250 25 25 5 
25 275 25 25 5 
0 275 25 25 5 
0 300 25 25 5 
0 325 25 25 5 
-25 325 25 25 5 
-100 275 25 25 5 
-75 275 25 25 5 
-125 275 25 25 5 
-150 300 25 25 5 
-175 300 25 25 5 
-200 300 25 25 5 
-225 300 25 25 5 
-200 275 25 25 5 
-225 275 25 25 5 
-250 300 25 25 5 
-250 325 25 25 5 
-250 350 25 25 5 
-250 375 25 25 5 
-225 375 25 25 5 
-200 375 25 25 5 
-150 350 25 25 5 
-150 325 25 25 5 
-175 325 25 25 5 
-200 325 25 25 5 
-125 325 25 25 5 
-100 325 25 25 5 
-125 300 25 25 5 
-225 325 25 25 5 
-150 275 25 25 5 
-175 275 25 25 5 
-200 250 25 25 5 
-100 250 25 25 5 
-25 250 25 25 5 
125 250 25 25 5 
150 250 25 25 5 
-250 250 25 25 5 
-125 225 25 25 5 
-75 225 25 25 5 
-50 225 25 25 5 
-100 225 25 25 5 
-125 250 25 25 5 
-150 250 25 25 5 
-75 250 25 25 5 
125 325 25 25 5 
0 375 25 25 5 
-75 375 25 25 5 
-125 375 25 25 5 
-25 375 25 25 5 
175 375 25 25 5 
150 400 25 25 5 
-150 375 25 25 5 
-75 350 25 25 5 
-50 350 25 25 5 
-25 350 25 25 5 
0 350 25 25 5 
25 350 25 25 5 
50 350 25 25 5 
50 325 25 25 5 
100 300 25 25 5 
125 300 25 25 5 
150 300 25 25 5 
175 300 25 25 5 
200 300 25 25 5 
225 300 25 25 5 
350 325 25 25 5 
375 325 25 25 5 
375 350 25 25 5 
400 350 25 25 5 
425 375 25 25 5 
425 400 25 25 5 
450 375 25 25 5 
500 375 25 25 5 
500 400 25 25 5 
525 400 25 25 5 
525 425 25 25 5 
550 400 25 25 5 
575 400 25 25 5 
575 425 25 25 5 
600 425 25 25 5 
625 425 25 25 5 
650 425 25 25 5 
675 425 25 25 5 
675 450 25 25 5 
700 450 25 25 5 
700 475 25 25 5 
725 475 25 25 5 
750 475 25 25 5 
775 475 25 25 5 
800 475 25 25 5 
850 475 25 25 5 
875 475 25 25 5 
900 475 25 25 5 
925 475 25 25 5 
950 475 25 25 5 
975 475 25 25 5 
975 450 25 25 5 
1000 450 25 25 5 
1000 425 25 25 5 
975 425 25 25 5 
925 425 25 25 5 
900 425 25 25 5 
875 425 25 25 5 
850 425 25 25 5 
825 425 25 25 5 
800 425 25 25 5 
775 425 25 25 5 
750 425 25 25 5 
725 425 25 25 5 
700 425 25 25 5 
675 375 25 25 5 
600 400 25 25 5 
300 450 25 25 5 
325 450 25 25 5 
450 450 25 25 5 
475 475 25 25 5 
500 475 25 25 5 
525 475 25 25 5 
575 475 25 25 5 
600 475 25 25 5 
625 475 25 25 5 
650 475 25 25 5 
675 475 25 25 5 
700 500 25 25 5 
725 500 25 25 5 
750 500 25 25 5 
775 500 25 25 5 
800 500 25 25 5 
850 525 25 25 5 
800 525 25 25 5 
600 500 25 25 5 
575 500 25 25 5 
550 500 25 25 5 
525 500 25 25 5 
400 525 25 25 5 
650 550 25 25 5 
800 550 25 25 5 
400 550 25 25 5 
850 500 25 25 5 
875 500 25 25 5 
550 550 25 25 5 
450 550 25 25 5 
475 550 25 25 5 
500 550 25 25 5 
525 550 25 25 5 
575 550 25 25 5 
775 525 25 25 5 
675 550 25 25 5 
725 550 25 25 5 
750 550 25 25 5 
775 550 25 25 5 
850 550 25 25 5 
825 500 25 25 5 
825 550 25 25 5 
575 450 25 25 5 
550 450 25 25 5 
825 450 25 25 5 
400 325 25 25 5 
400 400 25 25 5 
425 425 25 25 5 
425 325 25 25 5 
475 325 25 25 5 
500 350 25 25 5 
525 350 25 25 5 
550 350 25 25 5 
575 375 25 25 5 
550 375 25 25 5 
525 375 25 25 5 
600 375 25 25 5 
625 375 25 25 5 
700 375 25 25 5 
725 375 25 25 5 
750 375 25 25 5 
775 375 25 25 5 
775 400 25 25 5 
800 375 25 25 5 
825 375 25 25 5 
850 375 25 25 5 
875 375 25 25 5 
875 400 25 25 5 
750 400 25 25 5 
725 400 25 25 5 
700 400 25 25 5 
650 400 25 25 5 
625 400 25 25 5 
825 400 25 25 5 
850 400 25 25 5 
875 450 25 25 5 
850 450 25 25 5 
800 450 25 25 5 
775 450 25 25 5 
750 450 25 25 5 
725 450 25 25 5 
650 450 25 25 5 
625 450 25 25 5 
600 450 25 25 5 
500 450 25 25 5 
500 425 25 25 5 
550 425 25 25 5 
500 500 25 25 5 
550 475 25 25 5 
900 400 25 25 5 
925 400 25 25 5 
950 375 25 25 5 
975 375 25 25 5 
925 375 25 25 5 
900 375 25 25 5 
1000 375 25 25 5 
1025 375 25 25 5 
1000 400 25 25 5 
975 400 25 25 5 
1025 400 25 25 5 
925 450 25 25 5 
900 450 25 25 5 
950 450 25 25 5 
1000 475 25 25 5 
1000 500 25 25 5 
925 500 25 25 5 
900 500 25 25 5 
900 550 25 25 5 
375 400 25 25 5 
375 475 25 25 5 
375 500 25 25 5 
375 525 25 25 5 
375 550 25 25 5 
350 425 25 25 5 
350 400 25 25 5 
350 350 25 25 5 
300 350 25 25 5 
275 400 25 25 5 
275 425 25 25 5 
250 400 25 25 5 
325 375 25 25 5 
350 500 25 25 5 
325 500 25 25 5 
325 475 25 25 5 
300 500 25 25 5 
275 500 25 25 5 
250 500 25 25 5 
225 500 25 25 5 
200 500 25 25 5 
175 500 25 25 5 
150 500 25 25 5 
150 475 25 25 5 
150 450 25 25 5 
150 425 25 25 5 
150 375 25 25 5 
150 325 25 25 5 
150 275 25 25 5 
175 275 25 25 5 
200 275 25 25 5 
225 275 25 25 5 
325 300 25 25 5 
300 475 25 25 5 
275 475 25 25 5 
250 475 25 25 5 
225 475 25 25 5 
200 475 25 25 5 
175 475 25 25 5 
175 450 25 25 5 
175 425 25 25 5 
175 400 25 25 5 
200 375 25 25 5 
200 325 25 25 5 
225 325 25 25 5 
275 350 25 25 5 
250 350 25 25 5 
300 425 25 25 5 
275 450 25 25 5 
250 450 25 25 5 
225 450 25 25 5 
200 450 25 25 5 
200 425 25 25 5 
200 400 25 25 5 
225 400 25 25 5 
225 425 25 25 5 
250 425 25 25 5 
125 425 25 25 5 
125 450 25 25 5 
125 475 25 25 5 
100 475 25 25 5 
100 450 25 25 5 
75 450 25 25 5 
75 425 25 25 5 
75 475 25 25 5 
100 425 25 25 5 
100 400 25 25 5 
125 400 25 25 5 
125 375 25 25 5 
75 400 25 25 5 
100 325 25 25 5 
100 275 25 25 5 
100 250 25 25 5 
100 225 25 25 5 
125 225 25 25 5 
125 275 25 25 5 
50 300 25 25 5 
25 300 25 25 5 
25 375 25 25 5 
50 400 25 25 5 
25 400 25 25 5 
25 425 25 25 5 
50 425 25 25 5 
0 425 25 25 5 
-25 425 25 25 5 
-25 400 25 25 5 
-50 400 25 25 5 
-50 425 25 25 5 
0 400 25 25 5 
-50 375 25 25 5 
-50 325 25 25 5 
-50 275 25 25 5 
-50 250 25 25 5 
-25 275 25 25 5 
-25 300 25 25 5 
0 250 25 25 5 
0 225 25 25 5 
25 225 25 25 5 
25 325 25 25 5 
50 375 25 25 5 
-225 250 25 25 5 
-175 225 25 25 5 
-150 225 25 25 5 
-225 225 25 25 5 
-250 275 25 25 5 
-225 400 25 25 5 
-75 400 25 25 5 
-125 400 25 25 5 
-125 350 25 25 5 
-225 350 25 25 5 
-175 425 25 25 5 
-75 425 25 25 5 
50 450 25 25 5 
25 450 25 25 5 
50 475 25 25 5 
125 500 25 25 5 
250 525 25 25 5 
275 525 25 25 5 
300 525 25 25 5 
325 525 25 25 5 
225 525 25 25 5 
200 525 25 25 5 
350 525 25 25 5 
275 550 25 25 5 
200 550 25 25 5 
175 550 25 25 5 
175 525 25 25 5 
150 525 25 25 5 
125 525 25 25 5 
100 500 25 25 5 
75 500 25 25 5 
25 475 25 25 5 
25 500 25 25 5 
50 500 25 25 5 
50 525 25 25 5 
75 525 25 25 5 
100 525 25 25 5 
75 550 25 25 5 
25 525 25 25 5 
125 550 25 25 5 
275 325 25 25 5 
250 325 25 25 5 
250 225 25 25 5 
275 250 25 25 5 
275 275 25 25 5 
300 275 25 25 5 
300 300 25 25 5 
250 300 25 25 5 
275 300 25 25 5 
250 275 25 25 5 
1075 350 25 25 5 
1075 375 25 25 5 
1100 400 25 25 5 
1100 425 25 25 5 
1125 425 25 25 5 
1125 450 25 25 5 
1150 450 25 25 5 
1150 475 25 25 5 
1175 475 25 25 5 
1200 475 25 25 5 
1225 475 25 25 5 
1250 500 25 25 5 
1275 500 25 25 5 
1275 525 25 25 5 
1250 550 25 25 5 
1225 550 25 25 5 
1225 525 25 25 5 
1200 525 25 25 5 
1175 525 25 25 5 
1150 525 25 25 5 
1125 525 25 25 5 
1100 525 25 25 5 
1075 525 25 25 5 
1100 550 25 25 5 
1125 550 25 25 5 
1150 550 25 25 5 
1175 550 25 25 5 
1200 550 25 25 5 
1250 525 25 25 5 
1075 550 25 25 5 
1075 500 25 25 5 
1075 475 25 25 5 
1075 450 25 25 5 
1075 425 25 25 5 
1075 400 25 25 5 
1100 500 25 25 5 
1125 500 25 25 5 
1100 475 25 25 5 
1100 450 25 25 5 
1125 475 25 25 5 
1175 500 25 25 5 
1200 500 25 25 5 
1225 500 25 25 5 
-1875 550 25 25 5 
-1875 525 25 25 5 
-1900 575 25 25 5 
-1925 575 25 25 5 
-1925 600 25 25 5 
-1950 600 25 25 5 
-1950 625 25 25 5 
-1975 625 25 25 5 
-1975 650 25 25 5 
-1950 675 25 25 5 
-1925 675 25 25 5 
-1900 675 25 25 5 
-1900 650 25 25 5 
-1875 650 25 25 5 
-1875 600 25 25 5 
-1875 575 25 25 5 
-1900 600 25 25 5 
-1875 625 25 25 5 
-1900 625 25 25 5 
-1925 650 25 25 5 
-1950 650 25 25 5 
-1975 675 25 25 5 
-2000 675 25 25 5 
-2000 650 25 25 5 
-2025 675 25 25 5 
-900 425 25 25 2 
-1050 350 25 25 2 
-575 425 25 25 2 
-425 225 25 25 2 
100 350 25 25 2 
0 200 25 25 2 
-175 375 25 25 2 
275 225 25 25 2 
450 325 25 25 2 
525 450 25 25 2 
675 400 25 25 2 
800 400 25 25 2 
825 475 25 25 2 
950 400 25 25 2 
1250 475 25 25 2 
400 500 25 25 2 
-1325 450 25 25 2 
-1000 550 25 25 2 
-1475 600 25 25 2 
-1350 525 25 25 2 
-1625 550 25 25 2 
-1800 575 25 25 2 
-1475 450 25 25 2 
-2025 650 25 25 2 
0 450 25 25 5 
-25 450 25 25 5 
-50 450 25 25 5 
-50 475 25 25 5 
-25 475 25 25 5 
0 500 25 25 5 
-25 500 25 25 5 
0 525 25 25 5 
-50 500 25 25 5 
0 475 25 25 5 
-25 525 25 25 5 
-75 500 25 25 5 
-100 500 25 25 5 
-100 525 25 25 5 
-125 500 25 25 5 
-150 500 25 25 5 
-175 500 25 25 5 
-925 450 25 25 5 
-925 425 25 25 5 
-900 450 25 25 5 
-1825 575 25 25 5 
-1925 625 25 25 5 
-1825 500 25 25 5 
-1750 500 25 25 5 
-1650 575 25 25 5 
-1900 550 25 25 5 
-1450 600 25 25 5 
-1600 475 25 25 5 
-1200 500 25 25 5 
-1225 475 25 25 5 
-1125 450 25 25 5 
-1025 550 25 25 5 
-950 325 25 25 5 
-925 325 25 25 5 
-750 375 25 25 5 
-1025 600 25 25 5 
-1025 625 25 25 5 
-1000 625 25 25 5 
-900 625 25 25 5 
-875 625 25 25 5 
-875 600 25 25 5 
-900 600 25 25 5 
-925 600 25 25 5 
-950 600 25 25 5 
-975 600 25 25 5 
-1000 600 25 25 5 
-975 625 25 25 5 
-950 625 25 25 5 
-925 625 25 25 5 
-850 600 25 25 5 
-825 600 25 25 5 
-800 600 25 25 5 
-850 625 25 25 5 
-825 625 25 25 5 
-800 625 25 25 5 
-775 625 25 25 5 
-750 625 25 25 5 
-725 625 25 25 5 
-725 600 25 25 5 
-700 600 25 25 5 
-675 600 25 25 5 
-650 600 25 25 5 
-625 600 25 25 5 
-600 600 25 25 5 
-575 600 25 25 5 
-650 575 25 25 5 
-675 575 25 25 5 
-700 575 25 25 5 
-725 575 25 25 5 
-750 575 25 25 5 
-775 575 25 25 5 
-800 575 25 25 5 
-825 575 25 25 5 
-850 575 25 25 5 
-750 600 25 25 5 
-775 600 25 25 5 
-825 350 25 25 5 
-700 625 25 25 5 
-650 625 25 25 5 
-675 625 25 25 5 
-625 625 25 25 5 
-600 625 25 25 5 
-575 625 25 25 5 
-550 625 25 25 5 
-525 625 25 25 5 
-525 600 25 25 5 
-500 600 25 25 5 
-475 600 25 25 5 
-500 625 25 25 5 
-475 625 25 25 5 
-550 600 25 25 5 
-550 575 25 25 5 
-575 575 25 25 5 
-600 575 25 25 5 
-625 550 25 25 5 
-650 550 25 25 5 
-650 525 25 25 5 
-675 525 25 25 5 
-700 525 25 25 5 
-725 525 25 25 5 
-725 550 25 25 5 
-700 550 25 25 5 
-675 550 25 25 5 
-600 550 25 25 5 
-625 525 25 25 5 
-625 575 25 25 5 
-600 525 25 25 5 
-575 525 25 25 5 
-575 550 25 25 5 
-550 525 25 25 5 
-550 550 25 25 5 
-525 550 25 25 5 
-525 575 25 25 5 
-525 525 25 25 5 
-500 550 25 25 5 
-500 525 25 25 5 
-500 575 25 25 5 
-450 600 25 25 5 
-450 575 25 25 5 
-475 550 25 25 5 
-475 575 25 25 5 
-450 625 25 25 5 
-450 550 25 25 5 
-475 525 25 25 5 
-475 500 25 25 5 
-450 525 25 25 5 
-450 500 25 25 5 
-450 475 25 25 5 
-475 475 25 25 5 
-500 475 25 25 5 
-500 500 25 25 5 
-600 300 25 25 5 
-600 275 25 25 5 
-600 400 25 25 5 
-800 350 25 25 5 
-725 400 25 25 5 
-1100 450 25 25 5 
-425 325 25 25 5 
-300 225 25 25 5 
-350 375 25 25 5 
-350 400 25 25 5 
-325 375 25 25 5 
-325 400 25 25 5 
-400 300 25 25 5 
-575 300 25 25 5 
-175 350 25 25 5 
-200 350 25 25 5 
-200 225 25 25 5 
-75 300 25 25 5 
-100 300 25 25 5 
-75 325 25 25 5 
-50 300 25 25 5 
-25 225 25 25 5 
-175 250 25 25 5 
50 275 25 25 5 
250 250 25 25 5 
300 325 25 25 5 
325 325 25 25 5 
925 625 25 25 5 
900 625 25 25 5 
875 625 25 25 5 
850 625 25 25 5 
825 625 25 25 5 
800 625 25 25 5 
775 625 25 25 5 
750 625 25 25 5 
725 625 25 25 5 
700 625 25 25 5 
675 625 25 25 5 
650 625 25 25 5 
625 625 25 25 5 
600 625 25 25 5 
575 625 25 25 5 
550 625 25 25 5 
525 625 25 25 5 
500 625 25 25 5 
475 625 25 25 5 
450 625 25 25 5 
425 625 25 25 5 
400 625 25 25 5 
375 625 25 25 5 
350 625 25 25 5 
325 625 25 25 5 
300 625 25 25 5 
275 625 25 25 5 
250 625 25 25 5 
250 600 25 25 5 
225 600 25 25 5 
200 600 25 25 5 
200 575 25 25 5 
225 575 25 25 5 
250 575 25 25 5 
275 575 25 25 5 
300 575 25 25 5 
325 575 25 25 5 
350 575 25 25 5 
375 575 25 25 5 
400 575 25 25 5 
425 575 25 25 5 
450 575 25 25 5 
475 575 25 25 5 
500 575 25 25 5 
525 575 25 25 5 
550 575 25 25 5 
575 575 25 25 5 
600 575 25 25 5 
625 575 25 25 5 
650 575 25 25 5 
675 575 25 25 5 
700 575 25 25 5 
725 575 25 25 5 
750 575 25 25 5 
775 575 25 25 5 
800 575 25 25 5 
825 575 25 25 5 
850 575 25 25 5 
875 575 25 25 5 
900 575 25 25 5 
925 575 25 25 5 
900 600 25 25 5 
875 600 25 25 5 
725 600 25 25 5 
700 600 25 25 5 
675 600 25 25 5 
650 600 25 25 5 
625 600 25 25 5 
600 600 25 25 5 
575 600 25 25 5 
550 600 25 25 5 
500 600 25 25 5 
475 600 25 25 5 
450 600 25 25 5 
425 600 25 25 5 
400 600 25 25 5 
375 600 25 25 5 
350 600 25 25 5 
325 600 25 25 5 
300 600 25 25 5 
275 600 25 25 5 
525 600 25 25 5 
850 600 25 25 5 
925 600 25 25 5 
950 600 25 25 5 
925 650 25 25 5 
900 650 25 25 5 
875 650 25 25 5 
850 650 25 25 5 
825 650 25 25 5 
800 650 25 25 5 
775 650 25 25 5 
750 650 25 25 5 
725 650 25 25 5 
600 650 25 25 5 
250 550 25 25 5 
300 550 25 25 5 
325 550 25 25 5 
350 550 25 25 5 
350 450 25 25 5 
475 400 25 25 5 
475 425 25 25 5 
400 375 25 25 5 
525 300 25 25 5 
575 325 25 25 5 
325 350 25 25 5 
650 375 25 25 5 
650 525 25 25 5 
650 500 25 25 5 
625 500 25 25 5 
675 500 25 25 5 
750 600 25 25 5 
775 600 25 25 5 
800 600 25 25 5 
825 600 25 25 5 
700 650 25 25 5 
675 650 25 25 5 
650 650 25 25 5 
625 650 25 25 5 
575 650 25 25 5 
550 650 25 25 5 
525 650 25 25 5 
500 650 25 25 5 
475 650 25 25 5 
450 650 25 25 5 
425 650 25 25 5 
400 650 25 25 5 
375 650 25 25 5 
500 675 25 25 5 
675 675 25 25 5 
700 675 25 25 5 
875 675 25 25 5 
900 675 25 25 5 
925 675 25 25 5 
950 675 25 25 5 
975 675 25 25 5 
1000 675 25 25 5 
1025 675 25 25 5 
1050 675 25 25 5 
1075 675 25 25 5 
1075 650 25 25 5 
1025 650 25 25 5 
1000 650 25 25 5 
975 650 25 25 5 
975 625 25 25 5 
950 625 25 25 5 
950 650 25 25 5 
1050 650 25 25 5 
1000 625 25 25 5 
1025 625 25 25 5 
1050 600 25 25 5 
1075 600 25 25 5 
1125 600 25 25 5 
1150 600 25 25 5 
1175 600 25 25 5 
1200 600 25 25 5 
1225 600 25 25 5 
1250 600 25 25 5 
1225 625 25 25 5 
1200 625 25 25 5 
1175 625 25 25 5 
1150 625 25 25 5 
1100 600 25 25 5 
1100 625 25 25 5 
1125 625 25 25 5 
1075 575 25 25 5 
1050 575 25 25 5 
1025 575 25 25 5 
1000 575 25 25 5 
975 575 25 25 5 
950 575 25 25 5 
1000 600 25 25 5 
1025 600 25 25 5 
1075 625 25 25 5 
975 600 25 25 5 
1050 625 25 25 5 
1275 600 25 25 5 
1275 625 25 25 5 
1300 625 25 25 5 
1325 625 25 25 5 
1325 650 25 25 5 
1350 650 25 25 5 
1275 550 25 25 5 
1150 500 25 25 5 
950 500 25 25 5 
975 500 25 25 5 
950 525 25 25 5 
950 425 25 25 5 
1050 450 25 25 5 
1100 375 25 25 5 
1125 400 25 25 5 
1150 425 25 25 5 
1175 450 25 25 5 
1300 525 25 25 5 
1300 550 25 25 5 
1300 575 25 25 5 
1325 575 25 25 5 
1325 600 25 25 5 
1350 625 25 25 5 
1375 650 25 25 5 
1400 675 25 25 5 
1425 675 25 25 5 
1425 700 25 25 5 
1425 725 25 25 5 
1425 750 25 25 5 
1400 725 25 25 5 
1400 750 25 25 5 
1375 750 25 25 5 
1350 725 25 25 5 
1325 725 25 25 5 
1300 725 25 25 5 
1275 725 25 25 5 
1250 725 25 25 5 
1225 725 25 25 5 
1225 750 25 25 5 
1200 750 25 25 5 
1175 725 25 25 5 
1150 725 25 25 5 
1125 725 25 25 5 
1100 725 25 25 5 
1075 725 25 25 5 
1025 725 25 25 5 
1000 725 25 25 5 
975 725 25 25 5 
950 700 25 25 5 
850 675 25 25 5 
425 675 25 25 5 
400 675 25 25 5 
375 675 25 25 5 
50 550 25 25 5 
-50 525 25 25 5 
-50 550 25 25 5 
-75 475 25 25 5 
-100 475 25 25 5 
-100 450 25 25 5 
-125 450 25 25 5 
-350 500 25 25 5 
-375 500 25 25 5 
-325 500 25 25 5 
-325 525 25 25 5 
-300 525 25 25 5 
-300 500 25 25 5 
-400 500 25 25 5 
-2025 700 25 25 5 
-2050 700 25 25 5 
-2075 725 25 25 5 
-2100 725 25 25 5 
-2100 750 25 25 5 
-2125 750 25 25 5 
-2125 775 25 25 5 
-2125 800 25 25 5 
-2150 800 25 25 5 
-2100 825 25 25 5 
-2075 825 25 25 5 
-2050 825 25 25 5 
-2050 800 25 25 5 
-2075 800 25 25 5 
-2100 800 25 25 5 
-2025 800 25 25 5 
-2000 800 25 25 5 
-1975 800 25 25 5 
-1950 800 25 25 5 
-1925 800 25 25 5 
-2000 775 25 25 5 
-1975 775 25 25 5 
-2025 750 25 25 5 
-2050 750 25 25 5 
-2050 775 25 25 5 
-2075 775 25 25 5 
-2100 775 25 25 5 
-2075 750 25 25 5 
-2050 725 25 25 5 
-2025 725 25 25 5 
-2025 775 25 25 5 
-2125 825 25 25 5 
-2150 825 25 25 5 
-2025 825 25 25 5 
-2000 825 25 25 5 
-1975 825 25 25 5 
-1950 825 25 25 5 
-1925 825 25 25 5 
-1900 825 25 25 5 
-1850 825 25 25 5 
-1800 800 25 25 5 
-1775 800 25 25 5 
-1750 800 25 25 5 
-1725 800 25 25 5 
-1675 800 25 25 5 
-1650 800 25 25 5 
-1625 800 25 25 5 
-1775 775 25 25 5 
-1825 775 25 25 5 
-1850 775 25 25 5 
-1800 775 25 25 5 
-1775 750 25 25 5 
-1800 750 25 25 5 
-1825 750 25 25 5 
-1850 750 25 25 5 
-1825 725 25 25 5 
-1975 700 25 25 5 
-2000 700 25 25 5 
-2000 725 25 25 5 
-2000 750 25 25 5 
-1975 750 25 25 5 
-1950 750 25 25 5 
-1975 725 25 25 5 
-1950 700 25 25 5 
-1950 725 25 25 5 
-1950 775 25 25 5 
-1925 750 25 25 5 
-1925 725 25 25 5 
-1925 775 25 25 5 
-1900 750 25 25 5 
-1900 725 25 25 5 
-1900 700 25 25 5 
-1925 700 25 25 5 
-1900 775 25 25 5 
-1900 800 25 25 5 
-1875 800 25 25 5 
-1850 800 25 25 5 
-1825 800 25 25 5 
-1875 825 25 25 5 
-1800 825 25 25 5 
-1775 825 25 25 5 
-1825 825 25 25 5 
-1750 825 25 25 5 
-1725 825 25 25 5 
-1700 825 25 25 5 
-1675 825 25 25 5 
-1625 825 25 25 5 
-1700 800 25 25 5 
-1675 775 25 25 5 
-1625 775 25 25 5 
-1650 775 25 25 5 
-1700 750 25 25 5 
-1875 750 25 25 5 
-1800 725 25 25 5 
-1750 725 25 25 5 
-1725 725 25 25 5 
-1725 700 25 25 5 
-1750 700 25 25 5 
-1775 700 25 25 5 
-1825 700 25 25 5 
-1875 675 25 25 5 
-1850 675 25 25 5 
-1850 700 25 25 5 
-1875 725 25 25 5 
-1875 775 25 25 5 
-1875 700 25 25 5 
-1850 725 25 25 5 
-1825 675 25 25 5 
-1800 675 25 25 5 
-1775 675 25 25 5 
-1750 675 25 25 5 
-1800 700 25 25 5 
-1750 750 25 25 5 
-1775 725 25 25 5 
-1725 750 25 25 5 
-1700 775 25 25 5 
-1725 775 25 25 5 
-1750 775 25 25 5 
-1650 825 25 25 5 
-1675 750 25 25 5 
-1700 725 25 25 5 
-1700 700 25 25 5 
-1525 725 25 25 5 
-1575 700 25 25 5 
-1625 700 25 25 5 
-1675 675 25 25 5 
-1700 675 25 25 5 
-1650 675 25 25 5 
-1600 700 25 25 5 
-1725 675 25 25 5 
-1675 700 25 25 5 
-1650 700 25 25 5 
-1600 725 25 25 5 
-1650 725 25 25 5 
-1525 750 25 25 5 
-1500 750 25 25 5 
-1550 725 25 25 5 
-1675 725 25 25 5 
-1625 725 25 25 5 
-1575 750 25 25 5 
-1550 750 25 25 5 
-1625 750 25 25 5 
-1650 750 25 25 5 
-1625 675 25 25 5 
-1600 750 25 25 5 
-1575 725 25 25 5 
-1550 700 25 25 5 
-1575 675 25 25 5 
-1600 675 25 25 5 
-1600 775 25 25 5 
-2175 825 25 25 5 
-2200 825 25 25 5 
-2200 850 25 25 5 
-2175 850 25 25 5 
-2150 850 25 25 5 
-2125 850 25 25 5 
-2100 850 25 25 5 
-2075 850 25 25 5 
-2050 850 25 25 5 
-2025 850 25 25 5 
-2000 850 25 25 5 
-1975 850 25 25 5 
-1950 850 25 25 5 
-1925 850 25 25 5 
-1900 850 25 25 5 
-1875 850 25 25 5 
-1850 850 25 25 5 
-1825 850 25 25 5 
-1800 850 25 25 5 
-1775 850 25 25 5 
-1750 850 25 25 5 
-1725 850 25 25 5 
-1700 850 25 25 5 
-1675 850 25 25 5 
-1650 850 25 25 5 
-1625 850 25 25 5 
-1600 850 25 25 5 
-1600 825 25 25 5 
-1575 825 25 25 5 
-1575 800 25 25 5 
-1600 800 25 25 5 
-1575 775 25 25 5 
-1575 850 25 25 5 
-1525 700 25 25 5 
-1500 700 25 25 5 
-1475 700 25 25 5 
-1500 675 25 25 5 
-1475 675 25 25 5 
-1525 675 25 25 5 
-1550 675 25 25 5 
-1425 700 25 25 5 
-1450 700 25 25 5 
-1425 675 25 25 5 
-1450 675 25 25 5 
-1400 675 25 25 5 
-1500 725 25 25 5 
-1450 725 25 25 5 
-1425 725 25 25 5 
-1475 725 25 25 5 
-1400 750 25 25 5 
-1400 725 25 25 5 
-1400 700 25 25 5 
-1425 750 25 25 5 
-1425 775 25 25 5 
-1450 750 25 25 5 
-1475 750 25 25 5 
-1475 775 25 25 5 
-1450 775 25 25 5 
-1525 775 25 25 5 
-1550 775 25 25 5 
-1400 800 25 25 5 
-1425 800 25 25 5 
-1500 775 25 25 5 
-1400 775 25 25 5 
-1475 800 25 25 5 
-1500 800 25 25 5 
-1525 800 25 25 5 
-1550 800 25 25 5 
-1425 825 25 25 5 
-1450 800 25 25 5 
-1400 825 25 25 5 
-1475 825 25 25 5 
-1500 825 25 25 5 
-1525 825 25 25 5 
-1550 825 25 25 5 
-1450 825 25 25 5 
-1300 750 25 25 5 
-1325 750 25 25 5 
-1350 750 25 25 5 
-1375 750 25 25 5 
-1375 775 25 25 5 
-1350 775 25 25 5 
-1300 775 25 25 5 
-1275 775 25 25 5 
-1250 775 25 25 5 
-1225 775 25 25 5 
-1225 750 25 25 5 
-1200 750 25 25 5 
-1175 750 25 25 5 
-1150 750 25 25 5 
-1125 750 25 25 5 
-1100 750 25 25 5 
-1075 750 25 25 5 
-1125 725 25 25 5 
-1200 700 25 25 5 
-1225 700 25 25 5 
-1250 700 25 25 5 
-1300 700 25 25 5 
-1350 700 25 25 5 
-1375 700 25 25 5 
-1375 675 25 25 5 
-1375 725 25 25 5 
-1350 725 25 25 5 
-1350 675 25 25 5 
-1325 675 25 25 5 
-1325 700 25 25 5 
-1325 725 25 25 5 
-1325 775 25 25 5 
-1300 725 25 25 5 
-1275 675 25 25 5 
-1275 700 25 25 5 
-1275 750 25 25 5 
-1275 725 25 25 5 
-1300 675 25 25 5 
-1250 750 25 25 5 
-1250 725 25 25 5 
-1250 675 25 25 5 
-1250 650 25 25 5 
-1225 675 25 25 5 
-1225 650 25 25 5 
-1225 725 25 25 5 
-1200 650 25 25 5 
-1200 725 25 25 5 
-1200 675 25 25 5 
-1200 775 25 25 5 
-1175 775 25 25 5 
-1150 775 25 25 5 
-1125 775 25 25 5 
-1100 775 25 25 5 
-1075 775 25 25 5 
-1150 725 25 25 5 
-1100 725 25 25 5 
-1175 725 25 25 5 
-1175 700 25 25 5 
-1125 700 25 25 5 
-1100 700 25 25 5 
-1075 700 25 25 5 
-1075 725 25 25 5 
-1150 700 25 25 5 
-1125 675 25 25 5 
-1175 675 25 25 5 
-1150 675 25 25 5 
-1175 650 25 25 5 
-1150 650 25 25 5 
-1125 650 25 25 5 
-1100 675 25 25 5 
-1100 650 25 25 5 
-1075 650 25 25 5 
-1075 675 25 25 5 
-1375 800 25 25 5 
-1350 800 25 25 5 
-1325 800 25 25 5 
-1300 800 25 25 5 
-1275 800 25 25 5 
-1250 800 25 25 5 
-1225 800 25 25 5 
-1050 700 25 25 5 
-1050 675 25 25 5 
-1050 725 25 25 5 
-1050 750 25 25 5 
-1025 750 25 25 5 
-1025 725 25 25 5 
-1000 725 25 25 5 
-1000 750 25 25 5 
-975 725 25 25 5 
-975 750 25 25 5 
-950 750 25 25 5 
-950 725 25 25 5 
-950 675 25 25 5 
-975 675 25 25 5 
-1000 675 25 25 5 
-1000 700 25 25 5 
-950 650 25 25 5 
-950 700 25 25 5 
-975 700 25 25 5 
-1025 675 25 25 5 
-1025 700 25 25 5 
-975 650 25 25 5 
-1050 650 25 25 5 
-1025 650 25 25 5 
-1000 650 25 25 5 
-925 675 25 25 5 
-925 700 25 25 5 
-925 725 25 25 5 
-900 725 25 25 5 
-900 700 25 25 5 
-900 675 25 25 5 
-925 650 25 25 5 
-875 700 25 25 5 
-875 675 25 25 5 
-875 650 25 25 5 
-875 725 25 25 5 
-850 650 25 25 5 
-850 675 25 25 5 
-850 700 25 25 5 
-850 725 25 25 5 
-900 650 25 25 5 
-825 650 25 25 5 
-800 700 25 25 5 
-800 675 25 25 5 
-800 650 25 25 5 
-825 675 25 25 5 
-775 700 25 25 5 
-775 675 25 25 5 
-750 650 25 25 5 
-825 700 25 25 5 
-775 650 25 25 5 
-725 650 25 25 5 
-750 675 25 25 5 
-725 675 25 25 5 
-725 700 25 25 5 
-750 700 25 25 5 
-700 650 25 25 5 
-700 675 25 25 5 
-675 650 25 25 5 
-675 675 25 25 5 
-650 675 25 25 5 
-650 650 25 25 5 
-625 650 25 25 5 
-625 675 25 25 5 
-425 500 25 25 5 
-425 525 25 25 5 
-400 525 25 25 5 
-375 525 25 25 5 
-350 550 25 25 5 
-300 550 25 25 5 
-375 550 25 25 5 
-325 575 25 25 5 
-400 550 25 25 5 
-425 550 25 25 5 
-325 550 25 25 5 
-375 475 25 25 5 
-350 525 25 25 5 
-425 475 25 25 5 
-400 475 25 25 5 
-350 475 25 25 5 
-250 450 25 25 5 
-300 475 25 25 5 
-325 475 25 25 5 
-275 500 25 25 5 
-250 500 25 25 5 
-375 575 25 25 5 
-400 575 25 25 5 
-425 575 25 25 5 
-300 575 25 25 5 
-350 575 25 25 5 
-275 575 25 25 5 
-250 550 25 25 5 
-225 550 25 25 5 
-200 575 25 25 5 
-200 550 25 25 5 
-225 525 25 25 5 
-250 475 25 25 5 
-225 450 25 25 5 
-200 450 25 25 5 
-225 500 25 25 5 
-275 475 25 25 5 
-275 525 25 25 5 
-250 525 25 25 5 
-275 550 25 25 5 
-250 575 25 25 5 
-175 575 25 25 5 
-175 550 25 25 5 
-225 575 25 25 5 
-150 550 25 25 5 
-200 525 25 25 5 
-175 525 25 25 5 
-150 525 25 25 5 
-150 575 25 25 5 
-225 475 25 25 5 
-175 475 25 25 5 
-200 475 25 25 5 
-200 500 25 25 5 
-175 450 25 25 5 
-150 450 25 25 5 
-150 475 25 25 5 
-425 600 25 25 5 
-400 600 25 25 5 
-425 625 25 25 5 
-400 625 25 25 5 
-75 450 25 25 5 
-125 475 25 25 5 
-125 525 25 25 5 
-125 550 25 25 5 
-100 550 25 25 5 
-75 550 25 25 5 
-25 550 25 25 5 
-75 525 25 25 5 
0 550 25 25 5 
25 550 25 25 5 
225 550 25 25 5 
225 625 25 25 5 
200 625 25 25 5 
175 600 25 25 5 
175 575 25 25 5 
150 600 25 25 5 
150 625 25 25 5 
175 625 25 25 5 
125 600 25 25 5 
100 575 25 25 5 
125 575 25 25 5 
150 550 25 25 5 
150 575 25 25 5 
100 550 25 25 5 
100 600 25 25 5 
100 625 25 25 5 
125 625 25 25 5 
75 600 25 25 5 
75 575 25 25 5 
50 600 25 25 5 
50 575 25 25 5 
50 625 25 25 5 
25 600 25 25 5 
25 575 25 25 5 
25 625 25 25 5 
75 625 25 25 5 
0 575 25 25 5 
-25 575 25 25 5 
0 600 25 25 5 
-25 600 25 25 5 
-50 575 25 25 5 
-50 600 25 25 5 
800 675 25 25 5 
825 675 25 25 5 
775 675 25 25 5 
750 675 25 25 5 
725 675 25 25 5 
650 675 25 25 5 
625 675 25 25 5 
600 675 25 25 5 
575 675 25 25 5 
550 675 25 25 5 
525 675 25 25 5 
475 675 25 25 5 
350 650 25 25 5 
450 675 25 25 5 
350 675 25 25 5 
325 675 25 25 5 
325 650 25 25 5 
300 650 25 25 5 
275 650 25 25 5 
250 650 25 25 5 
275 675 25 25 5 
300 675 25 25 5 
250 675 25 25 5 
1100 675 25 25 5 
1125 675 25 25 5 
1150 675 25 25 5 
1175 675 25 25 5 
1200 675 25 25 5 
1225 675 25 25 5 
1250 675 25 25 5 
1275 675 25 25 5 
1300 675 25 25 5 
1325 675 25 25 5 
1350 675 25 25 5 
1375 675 25 25 5 
1400 700 25 25 5 
1450 750 25 25 5 
1450 700 25 25 5 
1450 725 25 25 5 
1350 750 25 25 5 
1325 750 25 25 5 
1300 750 25 25 5 
1275 750 25 25 5 
1250 750 25 25 5 
1175 750 25 25 5 
1150 750 25 25 5 
1125 750 25 25 5 
1100 750 25 25 5 
1075 750 25 25 5 
1125 700 25 25 5 
1150 700 25 25 5 
1175 700 25 25 5 
1200 700 25 25 5 
1200 725 25 25 5 
1225 700 25 25 5 
1250 700 25 25 5 
1275 700 25 25 5 
1300 700 25 25 5 
1325 700 25 25 5 
1350 700 25 25 5 
1375 700 25 25 5 
1375 725 25 25 5 
1300 650 25 25 5 
1275 650 25 25 5 
1300 600 25 25 5 
1250 575 25 25 5 
1225 575 25 25 5 
1200 575 25 25 5 
1100 575 25 25 5 
1150 650 25 25 5 
1125 650 25 25 5 
1100 650 25 25 5 
1175 650 25 25 5 
1200 650 25 25 5 
1225 650 25 25 5 
1250 625 25 25 5 
1250 650 25 25 5 
1175 575 25 25 5 
1150 575 25 25 5 
1125 575 25 25 5 
1275 575 25 25 5 
1050 725 25 25 5 
1100 700 25 25 5 
1075 700 25 25 5 
1050 700 25 25 5 
1025 700 25 25 5 
1000 700 25 25 5 
975 700 25 25 5 
1050 750 25 25 5 
1025 750 25 25 5 
1000 750 25 25 5 
975 750 25 25 5 
950 725 25 25 5 
950 750 25 25 5 
925 700 25 25 5 
925 725 25 25 5 
925 750 25 25 5 
900 725 25 25 5 
900 750 25 25 5 
900 700 25 25 5 
850 700 25 25 5 
850 725 25 25 5 
875 725 25 25 5 
875 700 25 25 5 
875 750 25 25 5 
850 750 25 25 5 
800 700 25 25 5 
825 700 25 25 5 
825 725 25 25 5 
800 725 25 25 5 
775 725 25 25 5 
775 700 25 25 5 
-1200 475 25 25 0 