75 175 25 25 6 
50 175 25 25 6 
25 175 25 25 6 
0 175 25 25 6 
-25 175 25 25 6 
-50 175 25 25 6 
-75 175 25 25 6 
-100 175 25 25 6 
-125 175 25 25 6 
-150 175 25 25 6 
-150 -50 25 25 6 
-125 -50 25 25 6 
-100 -50 25 25 6 
-75 -50 25 25 6 
125 200 25 25 6 
150 200 25 25 6 
175 200 25 25 6 
200 200 25 25 6 
100 200 25 25 6 
75 200 25 25 6 
175 -75 25 25 6 
150 -75 25 25 6 
125 -75 25 25 6 
100 -75 25 25 6 
75 -75 25 25 6 
50 -75 25 25 6 
25 -75 25 25 6 
0 -75 25 25 6 
-25 -75 25 25 6 
-50 -75 25 25 6 
-75 -75 25 25 6 
-175 175 25 25 6 
-175 150 25 25 6 
-200 150 25 25 6 
-200 125 25 25 6 
-200 100 25 25 6 
-200 75 25 25 6 
-200 50 25 25 6 
-200 25 25 25 6 
-200 0 25 25 6 
-175 -25 25 25 6 
-175 -50 25 25 6 
-200 -25 25 25 6 
225 200 25 25 6 
250 200 25 25 6 
300 225 25 25 6 
325 225 25 25 6 
350 225 25 25 6 
375 225 25 25 6 
400 225 25 25 6 
425 225 25 25 6 
450 225 25 25 6 
475 225 25 25 6 
475 250 25 25 6 
475 275 25 25 6 
475 300 25 25 6 
500 300 25 25 6 
525 300 25 25 6 
550 300 25 25 6 
575 300 25 25 6 
600 300 25 25 6 
600 275 25 25 6 
600 250 25 25 6 
600 225 25 25 6 
600 200 25 25 6 
600 175 25 25 6 
175 -100 25 25 6 
250 -100 25 25 6 
275 -100 25 25 6 
200 -100 25 25 6 
225 -100 25 25 6 
300 -100 25 25 6 
600 150 25 25 6 
625 150 25 25 6 
650 150 25 25 6 
675 150 25 25 6 
700 150 25 25 6 
725 150 25 25 6 
750 150 25 25 6 
775 150 25 25 6 
800 150 25 25 6 
300 -125 25 25 6 
325 -125 25 25 6 
350 -125 25 25 6 
375 -125 25 25 6 
400 -125 25 25 6 
425 -125 25 25 6 
450 -125 25 25 6 
475 -125 25 25 6 
500 -125 25 25 6 
525 -125 25 25 6 
275 225 25 25 6 
250 225 25 25 6 
825 150 25 25 6 
850 150 25 25 6 
875 150 25 25 6 
900 150 25 25 6 
925 150 25 25 6 
950 150 25 25 6 
975 150 25 25 6 
1000 150 25 25 6 
1025 150 25 25 6 
1050 150 25 25 6 
1075 150 25 25 6 
1100 150 25 25 6 
1125 150 25 25 6 
1150 150 25 25 6 
1175 150 25 25 6 
1200 150 25 25 6 
1225 150 25 25 6 
550 -125 25 25 6 
725 -100 25 25 6 
750 -100 25 25 6 
775 -100 25 25 6 
800 -100 25 25 6 
825 -100 25 25 6 
850 -100 25 25 6 
950 -100 25 25 6 
975 -75 25 25 6 
1000 -75 25 25 6 
1025 -75 25 25 6 
1050 -75 25 25 6 
1075 -75 25 25 6 
1100 -75 25 25 6 
1125 -75 25 25 6 
1175 -100 25 25 6 
1200 -100 25 25 6 
1200 -125 25 25 6 
1225 -125 25 25 6 
1250 -125 25 25 6 
1250 -150 25 25 6 
1275 -150 25 25 6 
1125 -100 25 25 6 
1150 -100 25 25 6 
1300 -150 25 25 6 
1325 -150 25 25 6 
1350 -150 25 25 6 
1375 -150 25 25 6 
950 -75 25 25 6 
575 -125 25 25 6 
600 -125 25 25 6 
625 -125 25 25 6 
650 -125 25 25 6 
675 -125 25 25 6 
700 -125 25 25 6 
725 -125 25 25 6 
1250 150 25 25 6 
1275 150 25 25 6 
1300 150 25 25 6 
1325 150 25 25 6 
1350 150 25 25 6 
1375 150 25 25 6 
925 -100 25 25 6 
900 -100 25 25 6 
875 -100 25 25 6 